-1 0.0 -5.59502 0.0
-0.992188 0.0 -5.5238 0.0
-0.984375 0.0 -5.45347 0.0
-0.976562 0.0 -5.38405 0.0
-0.96875 0.0 -5.3155 0.0
-0.960938 0.0 -5.24783 0.0
-0.953125 0.0 -5.18102 0.0
-0.945312 0.0 -5.11507 0.0
-0.9375 0.0 -5.04995 0.0
-0.929688 0.0 -4.98566 0.0
-0.921875 0.0 -4.92219 0.0
-0.914062 0.0 -4.85952 0.0
-0.90625 0.0 -4.79766 0.0
-0.898438 0.0 -4.73658 0.0
-0.890625 0.0 -4.67628 0.0
-0.882812 0.0 -4.61675 0.0
-0.875 0.0 -4.55797 0.0
-0.867188 0.0 -4.49994 0.0
-0.859375 0.0 -4.44266 0.0
-0.851562 0.0 -4.3861 0.0
-0.84375 0.0 -4.33026 0.0
-0.835938 0.0 -4.27513 0.0
-0.828125 0.0 -4.22071 0.0
-0.820312 0.0 -4.16697 0.0
-0.8125 0.0 -4.11393 0.0
-0.804688 0.0 -4.06155 0.0
-0.796875 0.0 -4.00985 0.0
-0.789062 0.0 -3.9588 0.0
-0.78125 0.0 -3.9084 0.0
-0.773438 0.0 -3.85864 0.0
-0.765625 0.0 -3.80952 0.0
-0.757812 0.0 -3.76102 0.0
-0.75 0.0 -3.71314 0.0
-0.742188 0.0 -3.66587 0.0
-0.734375 0.0 -3.6192 0.0
-0.726562 0.0 -3.57312 0.0
-0.71875 0.0 -3.52763 0.0
-0.710938 0.0 -3.48273 0.0
-0.703125 0.0 -3.43839 0.0
-0.695312 0.0 -3.39461 0.0
-0.6875 0.0 -3.3514 0.0
-0.679688 0.0 -3.30873 0.0
-0.671875 0.0 -3.26661 0.0
-0.664062 0.0 -3.22502 0.0
-0.65625 0.0 -3.18397 0.0
-0.648438 0.0 -3.14343 0.0
-0.640625 0.0 -3.10341 0.0
-0.632812 0.0 -3.0639 0.0
-0.625 0.0 -3.0249 0.0
-0.617188 0.0 -2.98639 0.0
-0.609375 0.0 -2.94837 0.0
-0.601562 0.0 -2.91084 0.0
-0.59375 0.0 -2.87378 0.0
-0.585938 0.0 -2.83719 0.0
-0.578125 0.0 -2.80107 0.0
-0.570312 0.0 -2.76541 0.0
-0.5625 0.0 -2.73021 0.0
-0.554688 0.0 -2.69545 0.0
-0.546875 0.0 -2.66113 0.0
-0.539062 0.0 -2.62726 0.0
-0.53125 0.0 -2.59381 0.0
-0.523438 0.0 -2.56079 0.0
-0.515625 0.0 -2.52819 0.0
-0.507812 0.0 -2.496 0.0
-0.5 0.0 -2.46423 0.0
-0.492188 0.0 -2.43285 0.0
-0.484375 0.0 -2.40188 0.0
-0.476562 0.0 -2.3713 0.0
-0.46875 0.0 -2.34112 0.0
-0.460938 0.0 -2.31131 0.0
-0.453125 0.0 -2.28189 0.0
-0.445312 0.0 -2.25284 0.0
-0.4375 0.0 -2.22416 0.0
-0.429688 0.0 -2.19584 0.0
-0.421875 0.0 -2.16789 0.0
-0.414062 0.0 -2.14029 0.0
-0.40625 0.0 -2.11304 0.0
-0.398438 0.0 -2.08614 0.0
-0.390625 0.0 -2.05958 0.0
-0.382812 0.0 -2.03336 0.0
-0.375 0.0 -2.00747 0.0
-0.367188 0.0 -1.98192 0.0
-0.359375 0.0 -1.95669 0.0
-0.351562 0.0 -1.93178 0.0
-0.34375 0.0 -1.90718 0.0
-0.335938 0.0 -1.8829 0.0
-0.328125 0.0 -1.85893 0.0
-0.320312 0.0 -1.83527 0.0
-0.3125 0.0 -1.8119 0.0
-0.304688 0.0 -1.78884 0.0
-0.296875 0.0 -1.76606 0.0
-0.289062 0.0 -1.74358 0.0
-0.28125 0.0 -1.72138 0.0
-0.273438 0.0 -1.69947 0.0
-0.265625 0.0 -1.67783 0.0
-0.257812 0.0 -1.65647 0.0
-0.25 0.0 -1.63538 0.0
-0.242188 0.0 -1.61456 0.0
-0.234375 0.0 -1.59401 0.0
-0.226562 0.0 -1.57372 0.0
-0.21875 0.0 -1.55368 0.0
-0.210938 0.0 -1.5339 0.0
-0.203125 0.0 -1.51437 0.0
-0.195312 0.0 -1.4951 0.0
-0.1875 0.0 -1.47606 0.0
-0.179688 0.0 -1.45727 0.0
-0.171875 0.0 -1.43872 0.0
-0.164062 0.0 -1.4204 0.0
-0.15625 0.0 -1.40232 0.0
-0.148438 0.0 -1.38447 0.0
-0.140625 0.0 -1.36684 0.0
-0.132812 0.0 -1.34944 0.0
-0.125 0.0 -1.33226 0.0
-0.117188 0.0 -1.3153 0.0
-0.109375 0.0 -1.29856 0.0
-0.101562 0.0 -1.28202 0.0
-0.09375 0.0 -1.2657 0.0
-0.0859375 0.0 -1.24959 0.0
-0.078125 0.0 -1.23368 0.0
-0.0703125 0.0 -1.21798 0.0
-0.0625 0.0 -1.20247 0.0
-0.0546875 0.0 -1.18716 0.0
-0.046875 0.0 -1.17205 0.0
-0.0390625 0.0 -1.15713 0.0
-0.03125 0.0 -1.1424 0.0
-0.0234375 0.0 -1.12785 0.0
-0.015625 0.0 -1.11349 0.0
-0.0078125 0.0 -1.09932 0.0
0 0.0 10.5537 0.0
0.0078125 0.0 10.1268 0.0
0.015625 0.0 9.71267 0.0
0.0234375 0.0 9.31106 0.0
0.03125 0.0 8.9216 0.0
0.0390625 0.0 8.54395 0.0
0.046875 0.0 8.17778 0.0
0.0546875 0.0 7.8228 0.0
0.0625 0.0 7.47867 0.0
0.0703125 0.0 7.14512 0.0
0.078125 0.0 6.82184 0.0
0.0859375 0.0 6.50856 0.0
0.09375 0.0 6.20499 0.0
0.101562 0.0 5.91087 0.0
0.109375 0.0 5.62594 0.0
0.117188 0.0 5.34994 0.0
0.125 0.0 5.08262 0.0
0.132812 0.0 4.82375 0.0
0.140625 0.0 4.57308 0.0
0.148438 0.0 4.3304 0.0
0.15625 0.0 4.09547 0.0
0.164062 0.0 3.86808 0.0
0.171875 0.0 3.64802 0.0
0.179688 0.0 3.43508 0.0
0.1875 0.0 3.22907 0.0
0.195312 0.0 3.02978 0.0
0.203125 0.0 2.83703 0.0
0.210938 0.0 2.65064 0.0
0.21875 0.0 2.47042 0.0
0.226562 0.0 2.2962 0.0
0.234375 0.0 2.12782 0.0
0.242188 0.0 1.96509 0.0
0.25 0.0 1.80787 0.0
0.257812 0.0 1.656 0.0
0.265625 0.0 1.50932 0.0
0.273438 0.0 1.36768 0.0
0.28125 0.0 1.23094 0.0
0.289062 0.0 1.09897 0.0
0.296875 0.0 0.971613 0.0
0.304688 0.0 0.848749 0.0
0.3125 0.0 0.730245 0.0
0.320312 0.0 0.615973 0.0
0.328125 0.0 0.505813 0.0
0.335938 0.0 0.399643 0.0
0.34375 0.0 0.297348 0.0
0.351562 0.0 0.198815 0.0
0.359375 0.0 0.103933 0.0
0.367188 0.0 0.0125953 0.0
0.375 0.0 -0.0753021 0.0
0.382812 0.0 -0.159861 0.0
0.390625 0.0 -0.241179 0.0
0.398438 0.0 -0.319354 0.0
0.40625 0.0 -0.394478 0.0
0.414062 0.0 -0.466642 0.0
0.421875 0.0 -0.535935 0.0
0.429688 0.0 -0.602442 0.0
0.4375 0.0 -0.666247 0.0
0.445312 0.0 -0.727432 0.0
0.453125 0.0 -0.786075 0.0
0.460938 0.0 -0.842254 0.0
0.46875 0.0 -0.896043 0.0
0.476562 0.0 -0.947515 0.0
0.484375 0.0 -0.996741 0.0
0.492188 0.0 -1.04379 0.0
0.5 0.0 -1.08873 0.0
0.507812 0.0 -1.13162 0.0
0.515625 0.0 -1.17253 0.0
0.523438 0.0 -1.21152 0.0
0.53125 0.0 -1.24865 0.0
0.539062 0.0 -1.28398 0.0
0.546875 0.0 -1.31756 0.0
0.554688 0.0 -1.34946 0.0
0.5625 0.0 -1.37971 0.0
0.570312 0.0 -1.40838 0.0
0.578125 0.0 -1.43552 0.0
0.585938 0.0 -1.46116 0.0
0.59375 0.0 -1.48538 0.0
0.601562 0.0 -1.5082 0.0
0.609375 0.0 -1.52967 0.0
0.617188 0.0 -1.54984 0.0
0.625 0.0 -1.56875 0.0
0.632812 0.0 -1.58645 0.0
0.640625 0.0 -1.60296 0.0
0.648438 0.0 -1.61834 0.0
0.65625 0.0 -1.63261 0.0
0.664062 0.0 -1.64582 0.0
0.671875 0.0 -1.658 0.0
0.679688 0.0 -1.66919 0.0
0.6875 0.0 -1.67942 0.0
0.695312 0.0 -1.68873 0.0
0.703125 0.0 -1.69713 0.0
0.710938 0.0 -1.70468 0.0
0.71875 0.0 -1.71139 0.0
0.726562 0.0 -1.7173 0.0
0.734375 0.0 -1.72243 0.0
0.742188 0.0 -1.72681 0.0
0.75 0.0 -1.73047 0.0
0.757812 0.0 -1.73344 0.0
0.765625 0.0 -1.73573 0.0
0.773438 0.0 -1.73738 0.0
0.78125 0.0 -1.73841 0.0
0.789062 0.0 -1.73884 0.0
0.796875 0.0 -1.7387 0.0
0.804688 0.0 -1.73799 0.0
0.8125 0.0 -1.73676 0.0
0.820312 0.0 -1.73501 0.0
0.828125 0.0 -1.73277 0.0
0.835938 0.0 -1.73006 0.0
0.84375 0.0 -1.72689 0.0
0.851562 0.0 -1.72328 0.0
0.859375 0.0 -1.71926 0.0
0.867188 0.0 -1.71483 0.0
0.875 0.0 -1.71002 0.0
0.882812 0.0 -1.70484 0.0
0.890625 0.0 -1.6993 0.0
0.898438 0.0 -1.69343 0.0
0.90625 0.0 -1.68723 0.0
0.914062 0.0 -1.68073 0.0
0.921875 0.0 -1.67392 0.0
0.929688 0.0 -1.66684 0.0
0.9375 0.0 -1.65948 0.0
0.945312 0.0 -1.65187 0.0
0.953125 0.0 -1.64401 0.0
0.960938 0.0 -1.63592 0.0
0.96875 0.0 -1.62761 0.0
0.976562 0.0 -1.61909 0.0
0.984375 0.0 -1.61036 0.0
0.992188 0.0 -1.60145 0.0
1 0.0 -1.59236 0.0
1.00781 0.0 -1.45936 0.0
1.01562 0.0 -1.32046 0.0
1.02344 0.0 -1.17708 0.0
1.03125 0.0 -1.03048 0.0
1.03906 0.0 -0.881837 0.0
1.04688 0.0 -0.732195 0.0
1.05469 0.0 -0.582492 0.0
1.0625 0.0 -0.433569 0.0
1.07031 0.0 -0.286177 0.0
1.07812 0.0 -0.140981 0.0
1.08594 0.0 0.00142899 0.0
1.09375 0.0 0.140537 0.0
1.10156 0.0 0.275893 0.0
1.10938 0.0 0.407106 0.0
1.11719 0.0 0.533843 0.0
1.125 0.0 0.655821 0.0
1.13281 0.0 0.772803 0.0
1.14062 0.0 0.884599 0.0
1.14844 0.0 0.991054 0.0
1.15625 0.0 1.09205 0.0
1.16406 0.0 1.18751 0.0
1.17188 0.0 1.27736 0.0
1.17969 0.0 1.3616 0.0
1.1875 0.0 1.4402 0.0
1.19531 0.0 1.51319 0.0
1.20312 0.0 1.58062 0.0
1.21094 0.0 1.64252 0.0
1.21875 0.0 1.69898 0.0
1.22656 0.0 1.75008 0.0
1.23438 0.0 1.79591 0.0
1.24219 0.0 1.83659 0.0
1.25 0.0 1.87224 0.0
1.25781 0.0 1.90297 0.0
1.26562 0.0 1.92893 0.0
1.27344 0.0 1.95025 0.0
1.28125 0.0 1.96707 0.0
1.28906 0.0 1.97954 0.0
1.29688 0.0 1.98782 0.0
1.30469 0.0 1.99205 0.0
1.3125 0.0 1.99239 0.0
1.32031 0.0 1.98899 0.0
1.32812 0.0 1.98202 0.0
1.33594 0.0 1.97162 0.0
1.34375 0.0 1.95795 0.0
1.35156 0.0 1.94117 0.0
1.35938 0.0 1.92142 0.0
1.36719 0.0 1.89887 0.0
1.375 0.0 1.87365 0.0
1.38281 0.0 1.84591 0.0
1.39062 0.0 1.81581 0.0
1.39844 0.0 1.78347 0.0
1.40625 0.0 1.74904 0.0
1.41406 0.0 1.71265 0.0
1.42188 0.0 1.67443 0.0
1.42969 0.0 1.63452 0.0
1.4375 0.0 1.59303 0.0
1.44531 0.0 1.5501 0.0
1.45312 0.0 1.50582 0.0
1.46094 0.0 1.46033 0.0
1.46875 0.0 1.41373 0.0
1.47656 0.0 1.36613 0.0
1.48438 0.0 1.31763 0.0
1.49219 0.0 1.26833 0.0
1.5 0.0 1.21833 0.0
1.50781 0.0 1.16772 0.0
1.51562 0.0 1.11659 0.0
1.52344 0.0 1.06502 0.0
1.53125 0.0 1.01309 0.0
1.53906 0.0 0.960887 0.0
1.54688 0.0 0.908482 0.0
1.55469 0.0 0.855947 0.0
1.5625 0.0 0.803349 0.0
1.57031 0.0 0.750754 0.0
1.57812 0.0 0.698225 0.0
1.58594 0.0 0.645818 0.0
1.59375 0.0 0.593591 0.0
1.60156 0.0 0.541597 0.0
1.60938 0.0 0.489885 0.0
1.61719 0.0 0.438503 0.0
1.625 0.0 0.387495 0.0
1.63281 0.0 0.336904 0.0
1.64062 0.0 0.286769 0.0
1.64844 0.0 0.237127 0.0
1.65625 0.0 0.188012 0.0
1.66406 0.0 0.139459 0.0
1.67188 0.0 0.0914952 0.0
1.67969 0.0 0.0441504 0.0
1.6875 0.0 -0.00254992 0.0
1.69531 0.0 -0.0485817 0.0
1.70312 0.0 -0.0939227 0.0
1.71094 0.0 -0.138553 0.0
1.71875 0.0 -0.182454 0.0
1.72656 0.0 -0.225608 0.0
1.73438 0.0 -0.268002 0.0
1.74219 0.0 -0.30962 0.0
1.75 0.0 -0.350452 0.0
1.75781 0.0 -0.390486 0.0
1.76562 0.0 -0.429713 0.0
1.77344 0.0 -0.468125 0.0
1.78125 0.0 -0.505716 0.0
1.78906 0.0 -0.54248 0.0
1.79688 0.0 -0.578412 0.0
1.80469 0.0 -0.61351 0.0
1.8125 0.0 -0.647772 0.0
1.82031 0.0 -0.681195 0.0
1.82812 0.0 -0.71378 0.0
1.83594 0.0 -0.745527 0.0
1.84375 0.0 -0.776438 0.0
1.85156 0.0 -0.806515 0.0
1.85938 0.0 -0.835761 0.0
1.86719 0.0 -0.86418 0.0
1.875 0.0 -0.891775 0.0
1.88281 0.0 -0.918553 0.0
1.89062 0.0 -0.944517 0.0
1.89844 0.0 -0.969676 0.0
1.90625 0.0 -0.994034 0.0
1.91406 0.0 -1.0176 0.0
1.92188 0.0 -1.04038 0.0
1.92969 0.0 -1.06238 0.0
1.9375 0.0 -1.08362 0.0
1.94531 0.0 -1.10409 0.0
1.95312 0.0 -1.12382 0.0
1.96094 0.0 -1.1428 0.0
1.96875 0.0 -1.16105 0.0
1.97656 0.0 -1.17858 0.0
1.98438 0.0 -1.1954 0.0
1.99219 0.0 -1.21151 0.0
2 0.0 -1.22693 0.0
2.00781 0.0 -1.24051 0.0
2.01562 0.0 -1.25106 0.0
2.02344 0.0 -1.2586 0.0
2.03125 0.0 -1.26316 0.0
2.03906 0.0 -1.26479 0.0
2.04688 0.0 -1.26355 0.0
2.05469 0.0 -1.25951 0.0
2.0625 0.0 -1.25274 0.0
2.07031 0.0 -1.24334 0.0
2.07812 0.0 -1.23139 0.0
2.08594 0.0 -1.21697 0.0
2.09375 0.0 -1.20018 0.0
2.10156 0.0 -1.18111 0.0
2.10938 0.0 -1.15985 0.0
2.11719 0.0 -1.13648 0.0
2.125 0.0 -1.11111 0.0
2.13281 0.0 -1.08382 0.0
2.14062 0.0 -1.05468 0.0
2.14844 0.0 -1.02381 0.0
2.15625 0.0 -0.991267 0.0
2.16406 0.0 -0.957153 0.0
2.17188 0.0 -0.921549 0.0
2.17969 0.0 -0.88454 0.0
2.1875 0.0 -0.846213 0.0
2.19531 0.0 -0.806652 0.0
2.20312 0.0 -0.765943 0.0
2.21094 0.0 -0.724171 0.0
2.21875 0.0 -0.681423 0.0
2.22656 0.0 -0.637785 0.0
2.23438 0.0 -0.593345 0.0
2.24219 0.0 -0.548189 0.0
2.25 0.0 -0.502405 0.0
2.25781 0.0 -0.456082 0.0
2.26562 0.0 -0.409307 0.0
2.27344 0.0 -0.362169 0.0
2.28125 0.0 -0.314756 0.0
2.28906 0.0 -0.267156 0.0
2.29688 0.0 -0.219458 0.0
2.30469 0.0 -0.171747 0.0
2.3125 0.0 -0.124112 0.0
2.32031 0.0 -0.0766369 0.0
2.32812 0.0 -0.0294076 0.0
2.33594 0.0 0.017493 0.0
2.34375 0.0 0.0639827 0.0
2.35156 0.0 0.109981 0.0
2.35938 0.0 0.15541 0.0
2.36719 0.0 0.200192 0.0
2.375 0.0 0.244253 0.0
2.38281 0.0 0.287522 0.0
2.39062 0.0 0.329928 0.0
2.39844 0.0 0.371405 0.0
2.40625 0.0 0.411888 0.0
2.41406 0.0 0.451316 0.0
2.42188 0.0 0.48963 0.0
2.42969 0.0 0.526777 0.0
2.4375 0.0 0.562703 0.0
2.44531 0.0 0.59736 0.0
2.45312 0.0 0.630702 0.0
2.46094 0.0 0.662688 0.0
2.46875 0.0 0.693278 0.0
2.47656 0.0 0.722438 0.0
2.48438 0.0 0.750136 0.0
2.49219 0.0 0.776343 0.0
2.5 0.0 0.801034 0.0
2.50781 0.0 0.824188 0.0
2.51562 0.0 0.845787 0.0
2.52344 0.0 0.865815 0.0
2.53125 0.0 0.884261 0.0
2.53906 0.0 0.901117 0.0
2.54688 0.0 0.916377 0.0
2.55469 0.0 0.93004 0.0
2.5625 0.0 0.942105 0.0
2.57031 0.0 0.952576 0.0
2.57812 0.0 0.96146 0.0
2.58594 0.0 0.968766 0.0
2.59375 0.0 0.974506 0.0
2.60156 0.0 0.978693 0.0
2.60938 0.0 0.981345 0.0
2.61719 0.0 0.982479 0.0
2.625 0.0 0.982118 0.0
2.63281 0.0 0.980285 0.0
2.64062 0.0 0.977003 0.0
2.64844 0.0 0.9723 0.0
2.65625 0.0 0.966204 0.0
2.66406 0.0 0.958746 0.0
2.67188 0.0 0.949956 0.0
2.67969 0.0 0.939869 0.0
2.6875 0.0 0.928516 0.0
2.69531 0.0 0.915935 0.0
2.70312 0.0 0.902161 0.0
2.71094 0.0 0.887231 0.0
2.71875 0.0 0.871183 0.0
2.72656 0.0 0.854057 0.0
2.73438 0.0 0.83589 0.0
2.74219 0.0 0.816723 0.0
2.75 0.0 0.796595 0.0
2.75781 0.0 0.775549 0.0
2.76562 0.0 0.753623 0.0
2.77344 0.0 0.730859 0.0
2.78125 0.0 0.707298 0.0
2.78906 0.0 0.682981 0.0
2.79688 0.0 0.657949 0.0
2.80469 0.0 0.632242 0.0
2.8125 0.0 0.605901 0.0
2.82031 0.0 0.578967 0.0
2.82812 0.0 0.551478 0.0
2.83594 0.0 0.523474 0.0
2.84375 0.0 0.494996 0.0
2.85156 0.0 0.46608 0.0
2.85938 0.0 0.436765 0.0
2.86719 0.0 0.407089 0.0
2.875 0.0 0.377089 0.0
2.88281 0.0 0.346799 0.0
2.89062 0.0 0.316257 0.0
2.89844 0.0 0.285496 0.0
2.90625 0.0 0.254551 0.0
2.91406 0.0 0.223455 0.0
2.92188 0.0 0.19224 0.0
2.92969 0.0 0.160938 0.0
2.9375 0.0 0.129579 0.0
2.94531 0.0 0.0981939 0.0
2.95312 0.0 0.066811 0.0
2.96094 0.0 0.0354587 0.0
2.96875 0.0 0.00416427 0.0
2.97656 0.0 -0.027046 0.0
2.98438 0.0 -0.0581465 0.0
2.99219 0.0 -0.0891127 0.0
3 0.0 -0.119921 0.0
3.00781 0.0 -0.150538 0.0
3.01562 0.0 -0.180893 0.0
3.02344 0.0 -0.210904 0.0
3.03125 0.0 -0.240497 0.0
3.03906 0.0 -0.269598 0.0
3.04688 0.0 -0.29814 0.0
3.05469 0.0 -0.326058 0.0
3.0625 0.0 -0.353293 0.0
3.07031 0.0 -0.379789 0.0
3.07812 0.0 -0.405496 0.0
3.08594 0.0 -0.430367 0.0
3.09375 0.0 -0.45436 0.0
3.10156 0.0 -0.477437 0.0
3.10938 0.0 -0.499564 0.0
3.11719 0.0 -0.520709 0.0
3.125 0.0 -0.540847 0.0
3.13281 0.0 -0.559953 0.0
3.14062 0.0 -0.578007 0.0
3.14844 0.0 -0.594991 0.0
3.15625 0.0 -0.610891 0.0
3.16406 0.0 -0.625695 0.0
3.17188 0.0 -0.639394 0.0
3.17969 0.0 -0.651979 0.0
3.1875 0.0 -0.663447 0.0
3.19531 0.0 -0.673795 0.0
3.20312 0.0 -0.683021 0.0
3.21094 0.0 -0.691126 0.0
3.21875 0.0 -0.698113 0.0
3.22656 0.0 -0.703987 0.0
3.23438 0.0 -0.708752 0.0
3.24219 0.0 -0.712417 0.0
3.25 0.0 -0.714989 0.0
3.25781 0.0 -0.716479 0.0
3.26562 0.0 -0.716896 0.0
3.27344 0.0 -0.716254 0.0
3.28125 0.0 -0.714565 0.0
3.28906 0.0 -0.711843 0.0
3.29688 0.0 -0.708104 0.0
3.30469 0.0 -0.703363 0.0
3.3125 0.0 -0.697637 0.0
3.32031 0.0 -0.690944 0.0
3.32812 0.0 -0.683303 0.0
3.33594 0.0 -0.674732 0.0
3.34375 0.0 -0.665252 0.0
3.35156 0.0 -0.654883 0.0
3.35938 0.0 -0.643647 0.0
3.36719 0.0 -0.631566 0.0
3.375 0.0 -0.618662 0.0
3.38281 0.0 -0.60496 0.0
3.39062 0.0 -0.590483 0.0
3.39844 0.0 -0.575257 0.0
3.40625 0.0 -0.559305 0.0
3.41406 0.0 -0.542656 0.0
3.42188 0.0 -0.525334 0.0
3.42969 0.0 -0.507368 0.0
3.4375 0.0 -0.488785 0.0
3.44531 0.0 -0.469614 0.0
3.45312 0.0 -0.449883 0.0
3.46094 0.0 -0.429623 0.0
3.46875 0.0 -0.408863 0.0
3.47656 0.0 -0.387634 0.0
3.48438 0.0 -0.365968 0.0
3.49219 0.0 -0.343896 0.0
3.5 0.0 -0.321449 0.0
3.50781 0.0 -0.298662 0.0
3.51562 0.0 -0.275567 0.0
3.52344 0.0 -0.252197 0.0
3.53125 0.0 -0.228587 0.0
3.53906 0.0 -0.204769 0.0
3.54688 0.0 -0.18078 0.0
3.55469 0.0 -0.156654 0.0
3.5625 0.0 -0.132425 0.0
3.57031 0.0 -0.108128 0.0
3.57812 0.0 -0.0837997 0.0
3.58594 0.0 -0.0594743 0.0
3.59375 0.0 -0.0351873 0.0
3.60156 0.0 -0.010974 0.0
3.60938 0.0 0.0131305 0.0
3.61719 0.0 0.0370912 0.0
3.625 0.0 0.0608733 0.0
3.63281 0.0 0.0844423 0.0
3.64062 0.0 0.107764 0.0
3.64844 0.0 0.130805 0.0
3.65625 0.0 0.153531 0.0
3.66406 0.0 0.175911 0.0
3.67188 0.0 0.19791 0.0
3.67969 0.0 0.219499 0.0
3.6875 0.0 0.240646 0.0
3.69531 0.0 0.261321 0.0
3.70312 0.0 0.281494 0.0
3.71094 0.0 0.301137 0.0
3.71875 0.0 0.320223 0.0
3.72656 0.0 0.338724 0.0
3.73438 0.0 0.356615 0.0
3.74219 0.0 0.373872 0.0
3.75 0.0 0.39047 0.0
3.75781 0.0 0.406388 0.0
3.76562 0.0 0.421604 0.0
3.77344 0.0 0.436099 0.0
3.78125 0.0 0.449852 0.0
3.78906 0.0 0.462848 0.0
3.79688 0.0 0.475069 0.0
3.80469 0.0 0.4865 0.0
3.8125 0.0 0.497128 0.0
3.82031 0.0 0.50694 0.0
3.82812 0.0 0.515926 0.0
3.83594 0.0 0.524075 0.0
3.84375 0.0 0.53138 0.0
3.85156 0.0 0.537832 0.0
3.85938 0.0 0.543427 0.0
3.86719 0.0 0.54816 0.0
3.875 0.0 0.552028 0.0
3.88281 0.0 0.55503 0.0
3.89062 0.0 0.557164 0.0
3.89844 0.0 0.558432 0.0
3.90625 0.0 0.558836 0.0
3.91406 0.0 0.558378 0.0
3.92188 0.0 0.557064 0.0
3.92969 0.0 0.5549 0.0
3.9375 0.0 0.551891 0.0
3.94531 0.0 0.548046 0.0
3.95312 0.0 0.543374 0.0
3.96094 0.0 0.537885 0.0
3.96875 0.0 0.531591 0.0
3.97656 0.0 0.524502 0.0
3.98438 0.0 0.516632 0.0
3.99219 0.0 0.507996 0.0
4 0.0 0.498606 0.0
4.00781 0.0 0.48848 0.0
4.01562 0.0 0.477634 0.0
4.02344 0.0 0.466088 0.0
4.03125 0.0 0.453864 0.0
4.03906 0.0 0.440984 0.0
4.04688 0.0 0.427476 0.0
4.05469 0.0 0.413365 0.0
4.0625 0.0 0.398682 0.0
4.07031 0.0 0.383456 0.0
4.07812 0.0 0.36772 0.0
4.08594 0.0 0.351506 0.0
4.09375 0.0 0.334847 0.0
4.10156 0.0 0.317777 0.0
4.10938 0.0 0.300332 0.0
4.11719 0.0 0.282547 0.0
4.125 0.0 0.264457 0.0
4.13281 0.0 0.246097 0.0
4.14062 0.0 0.227504 0.0
4.14844 0.0 0.208712 0.0
4.15625 0.0 0.189758 0.0
4.16406 0.0 0.170676 0.0
4.17188 0.0 0.151501 0.0
4.17969 0.0 0.132267 0.0
4.1875 0.0 0.113008 0.0
4.19531 0.0 0.0937558 0.0
4.20312 0.0 0.0745439 0.0
4.21094 0.0 0.0554033 0.0
4.21875 0.0 0.0363649 0.0
4.22656 0.0 0.0174585 0.0
4.23438 0.0 -0.00128671 0.0
4.24219 0.0 -0.0198427 0.0
4.25 0.0 -0.0381822 0.0
4.25781 0.0 -0.056279 0.0
4.26562 0.0 -0.0741079 0.0
4.27344 0.0 -0.0916445 0.0
4.28125 0.0 -0.108866 0.0
4.28906 0.0 -0.125749 0.0
4.29688 0.0 -0.142273 0.0
4.30469 0.0 -0.158418 0.0
4.3125 0.0 -0.174165 0.0
4.32031 0.0 -0.189495 0.0
4.32812 0.0 -0.20439 0.0
4.33594 0.0 -0.218836 0.0
4.34375 0.0 -0.232817 0.0
4.35156 0.0 -0.246317 0.0
4.35938 0.0 -0.259325 0.0
4.36719 0.0 -0.271828 0.0
4.375 0.0 -0.283813 0.0
4.38281 0.0 -0.295272 0.0
4.39062 0.0 -0.306194 0.0
4.39844 0.0 -0.31657 0.0
4.40625 0.0 -0.326392 0.0
4.41406 0.0 -0.335654 0.0
4.42188 0.0 -0.34435 0.0
4.42969 0.0 -0.352473 0.0
4.4375 0.0 -0.36002 0.0
4.44531 0.0 -0.366985 0.0
4.45312 0.0 -0.373368 0.0
4.46094 0.0 -0.379164 0.0
4.46875 0.0 -0.384372 0.0
4.47656 0.0 -0.388992 0.0
4.48438 0.0 -0.393023 0.0
4.49219 0.0 -0.396465 0.0
4.5 0.0 -0.39932 0.0
4.50781 0.0 -0.401589 0.0
4.51562 0.0 -0.403275 0.0
4.52344 0.0 -0.404381 0.0
4.53125 0.0 -0.404909 0.0
4.53906 0.0 -0.404865 0.0
4.54688 0.0 -0.404252 0.0
4.55469 0.0 -0.403077 0.0
4.5625 0.0 -0.401345 0.0
4.57031 0.0 -0.399062 0.0
4.57812 0.0 -0.396235 0.0
4.58594 0.0 -0.392872 0.0
4.59375 0.0 -0.388981 0.0
4.60156 0.0 -0.38457 0.0
4.60938 0.0 -0.379648 0.0
4.61719 0.0 -0.374224 0.0
4.625 0.0 -0.368309 0.0
4.63281 0.0 -0.361913 0.0
4.64062 0.0 -0.355047 0.0
4.64844 0.0 -0.347722 0.0
4.65625 0.0 -0.33995 0.0
4.66406 0.0 -0.331744 0.0
4.67188 0.0 -0.323115 0.0
4.67969 0.0 -0.314078 0.0
4.6875 0.0 -0.304645 0.0
4.69531 0.0 -0.294832 0.0
4.70312 0.0 -0.284652 0.0
4.71094 0.0 -0.274121 0.0
4.71875 0.0 -0.263253 0.0
4.72656 0.0 -0.252064 0.0
4.73438 0.0 -0.240571 0.0
4.74219 0.0 -0.228789 0.0
4.75 0.0 -0.216736 0.0
4.75781 0.0 -0.204429 0.0
4.76562 0.0 -0.191886 0.0
4.77344 0.0 -0.179123 0.0
4.78125 0.0 -0.166159 0.0
4.78906 0.0 -0.153014 0.0
4.79688 0.0 -0.139704 0.0
4.80469 0.0 -0.12625 0.0
4.8125 0.0 -0.11267 0.0
4.82031 0.0 -0.0989841 0.0
4.82812 0.0 -0.0852116 0.0
4.83594 0.0 -0.0713723 0.0
4.84375 0.0 -0.0574862 0.0
4.85156 0.0 -0.0435733 0.0
4.85938 0.0 -0.0296537 0.0
4.86719 0.0 -0.0157478 0.0
4.875 0.0 -0.00187577 0.0
4.88281 0.0 0.011942 0.0
4.89062 0.0 0.0256853 0.0
4.89844 0.0 0.0393338 0.0
4.90625 0.0 0.0528673 0.0
4.91406 0.0 0.0662656 0.0
4.92188 0.0 0.0795088 0.0
4.92969 0.0 0.092577 0.0
4.9375 0.0 0.105451 0.0
4.94531 0.0 0.11811 0.0
4.95312 0.0 0.130536 0.0
4.96094 0.0 0.14271 0.0
4.96875 0.0 0.154613 0.0
4.97656 0.0 0.166226 0.0
4.98438 0.0 0.177533 0.0
4.99219 0.0 0.188515 0.0
5 0.0 0.199155 0.0
5.00781 0.0 0.209436 0.0
5.01562 0.0 0.219343 0.0
5.02344 0.0 0.22886 0.0
5.03125 0.0 0.237972 0.0
5.03906 0.0 0.246664 0.0
5.04688 0.0 0.254922 0.0
5.05469 0.0 0.262735 0.0
5.0625 0.0 0.27009 0.0
5.07031 0.0 0.276977 0.0
5.07812 0.0 0.283384 0.0
5.08594 0.0 0.289303 0.0
5.09375 0.0 0.294726 0.0
5.10156 0.0 0.299645 0.0
5.10938 0.0 0.304056 0.0
5.11719 0.0 0.307951 0.0
5.125 0.0 0.311329 0.0
5.13281 0.0 0.314185 0.0
5.14062 0.0 0.316518 0.0
5.14844 0.0 0.318328 0.0
5.15625 0.0 0.319614 0.0
5.16406 0.0 0.320378 0.0
5.17188 0.0 0.320623 0.0
5.17969 0.0 0.320352 0.0
5.1875 0.0 0.319569 0.0
5.19531 0.0 0.31828 0.0
5.20312 0.0 0.316491 0.0
5.21094 0.0 0.31421 0.0
5.21875 0.0 0.311444 0.0
5.22656 0.0 0.308202 0.0
5.23438 0.0 0.304495 0.0
5.24219 0.0 0.300334 0.0
5.25 0.0 0.295728 0.0
5.25781 0.0 0.290691 0.0
5.26562 0.0 0.285235 0.0
5.27344 0.0 0.279373 0.0
5.28125 0.0 0.273119 0.0
5.28906 0.0 0.266488 0.0
5.29688 0.0 0.259495 0.0
5.30469 0.0 0.252154 0.0
5.3125 0.0 0.244482 0.0
5.32031 0.0 0.236495 0.0
5.32812 0.0 0.228208 0.0
5.33594 0.0 0.21964 0.0
5.34375 0.0 0.210806 0.0
5.35156 0.0 0.201724 0.0
5.35938 0.0 0.192412 0.0
5.36719 0.0 0.182886 0.0
5.375 0.0 0.173165 0.0
5.38281 0.0 0.163265 0.0
5.39062 0.0 0.153205 0.0
5.39844 0.0 0.143002 0.0
5.40625 0.0 0.132673 0.0
5.41406 0.0 0.122237 0.0
5.42188 0.0 0.11171 0.0
5.42969 0.0 0.10111 0.0
5.4375 0.0 0.0904532 0.0
5.44531 0.0 0.0797576 0.0
5.45312 0.0 0.0690394 0.0
5.46094 0.0 0.0583151 0.0
5.46875 0.0 0.0476009 0.0
5.47656 0.0 0.0369129 0.0
5.48438 0.0 0.0262666 0.0
5.49219 0.0 0.0156775 0.0
5.5 0.0 0.00516055 0.0
5.50781 0.0 -0.00526953 0.0
5.51562 0.0 -0.0155984 0.0
5.52344 0.0 -0.025812 0.0
5.53125 0.0 -0.0358968 0.0
5.53906 0.0 -0.0458395 0.0
5.54688 0.0 -0.0556274 0.0
5.55469 0.0 -0.0652479 0.0
5.5625 0.0 -0.074689 0.0
5.57031 0.0 -0.0839392 0.0
5.57812 0.0 -0.0929872 0.0
5.58594 0.0 -0.101822 0.0
5.59375 0.0 -0.110434 0.0
5.60156 0.0 -0.118813 0.0
5.60938 0.0 -0.126949 0.0
5.61719 0.0 -0.134834 0.0
5.625 0.0 -0.142458 0.0
5.63281 0.0 -0.149814 0.0
5.64062 0.0 -0.156895 0.0
5.64844 0.0 -0.163692 0.0
5.65625 0.0 -0.170199 0.0
5.66406 0.0 -0.17641 0.0
5.67188 0.0 -0.182318 0.0
5.67969 0.0 -0.187919 0.0
5.6875 0.0 -0.193207 0.0
5.69531 0.0 -0.198178 0.0
5.70312 0.0 -0.202827 0.0
5.71094 0.0 -0.207151 0.0
5.71875 0.0 -0.211147 0.0
5.72656 0.0 -0.214811 0.0
5.73438 0.0 -0.218142 0.0
5.74219 0.0 -0.221136 0.0
5.75 0.0 -0.223794 0.0
5.75781 0.0 -0.226112 0.0
5.76562 0.0 -0.228091 0.0
5.77344 0.0 -0.229731 0.0
5.78125 0.0 -0.231031 0.0
5.78906 0.0 -0.231991 0.0
5.79688 0.0 -0.232613 0.0
5.80469 0.0 -0.232898 0.0
5.8125 0.0 -0.232848 0.0
5.82031 0.0 -0.232464 0.0
5.82812 0.0 -0.231749 0.0
5.83594 0.0 -0.230706 0.0
5.84375 0.0 -0.229337 0.0
5.85156 0.0 -0.227648 0.0
5.85938 0.0 -0.22564 0.0
5.86719 0.0 -0.22332 0.0
5.875 0.0 -0.220691 0.0
5.88281 0.0 -0.217758 0.0
5.89062 0.0 -0.214528 0.0
5.89844 0.0 -0.211005 0.0
5.90625 0.0 -0.207196 0.0
5.91406 0.0 -0.203107 0.0
5.92188 0.0 -0.198745 0.0
5.92969 0.0 -0.194117 0.0
5.9375 0.0 -0.189231 0.0
5.94531 0.0 -0.184095 0.0
5.95312 0.0 -0.178716 0.0
5.96094 0.0 -0.173103 0.0
5.96875 0.0 -0.167265 0.0
5.97656 0.0 -0.161211 0.0
5.98438 0.0 -0.15495 0.0
5.99219 0.0 -0.148492 0.0
6 0.0 -0.141847 0.0
6.00781 0.0 -0.135025 0.0
6.01562 0.0 -0.128037 0.0
6.02344 0.0 -0.120893 0.0
6.03125 0.0 -0.113605 0.0
6.03906 0.0 -0.106182 0.0
6.04688 0.0 -0.0986384 0.0
6.05469 0.0 -0.090984 0.0
6.0625 0.0 -0.083231 0.0
6.07031 0.0 -0.0753916 0.0
6.07812 0.0 -0.0674778 0.0
6.08594 0.0 -0.059502 0.0
6.09375 0.0 -0.0514765 0.0
6.10156 0.0 -0.043414 0.0
6.10938 0.0 -0.0353268 0.0
6.11719 0.0 -0.0272277 0.0
6.125 0.0 -0.0191292 0.0
6.13281 0.0 -0.011044 0.0
6.14062 0.0 -0.00298466 0.0
6.14844 0.0 0.00503623 0.0
6.15625 0.0 0.0130062 0.0
6.16406 0.0 0.020913 0.0
6.17188 0.0 0.0287442 0.0
6.17969 0.0 0.0364879 0.0
6.1875 0.0 0.044132 0.0
6.19531 0.0 0.0516649 0.0
6.20312 0.0 0.0590751 0.0
6.21094 0.0 0.0663513 0.0
6.21875 0.0 0.0734825 0.0
6.22656 0.0 0.080458 0.0
6.23438 0.0 0.0872674 0.0
6.24219 0.0 0.0939007 0.0
6.25 0.0 0.100348 0.0
6.25781 0.0 0.1066 0.0
6.26562 0.0 0.112648 0.0
6.27344 0.0 0.118483 0.0
6.28125 0.0 0.124098 0.0
6.28906 0.0 0.129483 0.0
6.29688 0.0 0.134633 0.0
6.30469 0.0 0.13954 0.0
6.3125 0.0 0.144197 0.0
6.32031 0.0 0.1486 0.0
6.32812 0.0 0.152742 0.0
6.33594 0.0 0.156619 0.0
6.34375 0.0 0.160225 0.0
6.35156 0.0 0.163559 0.0
6.35938 0.0 0.166614 0.0
6.36719 0.0 0.16939 0.0
6.375 0.0 0.171883 0.0
6.38281 0.0 0.174092 0.0
6.39062 0.0 0.176015 0.0
6.39844 0.0 0.177651 0.0
6.40625 0.0 0.178999 0.0
6.41406 0.0 0.180061 0.0
6.42188 0.0 0.180836 0.0
6.42969 0.0 0.181326 0.0
6.4375 0.0 0.181532 0.0
6.44531 0.0 0.181455 0.0
6.45312 0.0 0.1811 0.0
6.46094 0.0 0.180467 0.0
6.46875 0.0 0.179561 0.0
6.47656 0.0 0.178386 0.0
6.48438 0.0 0.176945 0.0
6.49219 0.0 0.175244 0.0
6.5 0.0 0.173286 0.0
6.50781 0.0 0.171078 0.0
6.51562 0.0 0.168625 0.0
6.52344 0.0 0.165934 0.0
6.53125 0.0 0.163009 0.0
6.53906 0.0 0.159859 0.0
6.54688 0.0 0.156489 0.0
6.55469 0.0 0.152908 0.0
6.5625 0.0 0.149123 0.0
6.57031 0.0 0.145141 0.0
6.57812 0.0 0.14097 0.0
6.58594 0.0 0.136618 0.0
6.59375 0.0 0.132095 0.0
6.60156 0.0 0.127407 0.0
6.60938 0.0 0.122565 0.0
6.61719 0.0 0.117576 0.0
6.625 0.0 0.11245 0.0
6.63281 0.0 0.107196 0.0
6.64062 0.0 0.101823 0.0
6.64844 0.0 0.0963395 0.0
6.65625 0.0 0.0907557 0.0
6.66406 0.0 0.0850806 0.0
6.67188 0.0 0.0793236 0.0
6.67969 0.0 0.073494 0.0
6.6875 0.0 0.0676013 0.0
6.69531 0.0 0.0616547 0.0
6.70312 0.0 0.0556637 0.0
6.71094 0.0 0.0496375 0.0
6.71875 0.0 0.0435855 0.0
6.72656 0.0 0.0375166 0.0
6.73438 0.0 0.0314402 0.0
6.74219 0.0 0.0253651 0.0
6.75 0.0 0.0193004 0.0
6.75781 0.0 0.0132548 0.0
6.76562 0.0 0.00723693 0.0
6.77344 0.0 0.00125547 0.0
6.78125 0.0 -0.00468122 0.0
6.78906 0.0 -0.0105649 0.0
6.79688 0.0 -0.0163874 0.0
6.80469 0.0 -0.0221408 0.0
6.8125 0.0 -0.0278175 0.0
6.82031 0.0 -0.0334097 0.0
6.82812 0.0 -0.0389101 0.0
6.83594 0.0 -0.0443115 0.0
6.84375 0.0 -0.049607 0.0
6.85156 0.0 -0.0547897 0.0
6.85938 0.0 -0.0598532 0.0
6.86719 0.0 -0.064791 0.0
6.875 0.0 -0.0695971 0.0
6.88281 0.0 -0.0742656 0.0
6.89062 0.0 -0.0787909 0.0
6.89844 0.0 -0.0831675 0.0
6.90625 0.0 -0.0873904 0.0
6.91406 0.0 -0.0914546 0.0
6.92188 0.0 -0.0953555 0.0
6.92969 0.0 -0.0990886 0.0
6.9375 0.0 -0.10265 0.0
6.94531 0.0 -0.106035 0.0
6.95312 0.0 -0.109242 0.0
6.96094 0.0 -0.112265 0.0
6.96875 0.0 -0.115103 0.0
6.97656 0.0 -0.117752 0.0
6.98438 0.0 -0.120211 0.0
6.99219 0.0 -0.122475 0.0
7 0.0 -0.124545 0.0
7.00781 0.0 -0.126417 0.0
7.01562 0.0 -0.128091 0.0
7.02344 0.0 -0.129565 0.0
7.03125 0.0 -0.130839 0.0
7.03906 0.0 -0.131912 0.0
7.04688 0.0 -0.132783 0.0
7.05469 0.0 -0.133453 0.0
7.0625 0.0 -0.133921 0.0
7.07031 0.0 -0.134189 0.0
7.07812 0.0 -0.134256 0.0
7.08594 0.0 -0.134125 0.0
7.09375 0.0 -0.133796 0.0
7.10156 0.0 -0.133271 0.0
7.10938 0.0 -0.132552 0.0
7.11719 0.0 -0.131641 0.0
7.125 0.0 -0.13054 0.0
7.13281 0.0 -0.129253 0.0
7.14062 0.0 -0.127781 0.0
7.14844 0.0 -0.126129 0.0
7.15625 0.0 -0.124299 0.0
7.16406 0.0 -0.122295 0.0
7.17188 0.0 -0.120121 0.0
7.17969 0.0 -0.117781 0.0
7.1875 0.0 -0.11528 0.0
7.19531 0.0 -0.112623 0.0
7.20312 0.0 -0.109812 0.0
7.21094 0.0 -0.106855 0.0
7.21875 0.0 -0.103756 0.0
7.22656 0.0 -0.10052 0.0
7.23438 0.0 -0.0971534 0.0
7.24219 0.0 -0.0936612 0.0
7.25 0.0 -0.0900495 0.0
7.25781 0.0 -0.0863244 0.0
7.26562 0.0 -0.082492 0.0
7.27344 0.0 -0.0785587 0.0
7.28125 0.0 -0.074531 0.0
7.28906 0.0 -0.0704153 0.0
7.29688 0.0 -0.0662184 0.0
7.30469 0.0 -0.0619471 0.0
7.3125 0.0 -0.0576082 0.0
7.32031 0.0 -0.0532085 0.0
7.32812 0.0 -0.0487553 0.0
7.33594 0.0 -0.0442553 0.0
7.34375 0.0 -0.0397158 0.0
7.35156 0.0 -0.0351439 0.0
7.35938 0.0 -0.0305467 0.0
7.36719 0.0 -0.0259314 0.0
7.375 0.0 -0.021305 0.0
7.38281 0.0 -0.0166748 0.0
7.39062 0.0 -0.0120478 0.0
7.39844 0.0 -0.007431 0.0
7.40625 0.0 -0.00283152 0.0
7.41406 0.0 0.00174375 0.0
7.42188 0.0 0.00628791 0.0
7.42969 0.0 0.0107942 0.0
7.4375 0.0 0.0152559 0.0
7.44531 0.0 0.0196664 0.0
7.45312 0.0 0.0240193 0.0
7.46094 0.0 0.0283081 0.0
7.46875 0.0 0.0325267 0.0
7.47656 0.0 0.0366691 0.0
7.48438 0.0 0.0407292 0.0
7.49219 0.0 0.0447014 0.0
7.5 0.0 0.0485801 0.0
7.50781 0.0 0.0523598 0.0
7.51562 0.0 0.0560354 0.0
7.52344 0.0 0.0596018 0.0
7.53125 0.0 0.0630543 0.0
7.53906 0.0 0.0663883 0.0
7.54688 0.0 0.0695993 0.0
7.55469 0.0 0.0726832 0.0
7.5625 0.0 0.0756362 0.0
7.57031 0.0 0.0784544 0.0
7.57812 0.0 0.0811346 0.0
7.58594 0.0 0.0836733 0.0
7.59375 0.0 0.0860678 0.0
7.60156 0.0 0.0883153 0.0
7.60938 0.0 0.0904132 0.0
7.61719 0.0 0.0923596 0.0
7.625 0.0 0.0941523 0.0
7.63281 0.0 0.0957897 0.0
7.64062 0.0 0.0972704 0.0
7.64844 0.0 0.0985932 0.0
7.65625 0.0 0.0997571 0.0
7.66406 0.0 0.100762 0.0
7.67188 0.0 0.101606 0.0
7.67969 0.0 0.102291 0.0
7.6875 0.0 0.102816 0.0
7.69531 0.0 0.103181 0.0
7.70312 0.0 0.103388 0.0
7.71094 0.0 0.103436 0.0
7.71875 0.0 0.103328 0.0
7.72656 0.0 0.103064 0.0
7.73438 0.0 0.102646 0.0
7.74219 0.0 0.102076 0.0
7.75 0.0 0.101356 0.0
7.75781 0.0 0.100487 0.0
7.76562 0.0 0.0994738 0.0
7.77344 0.0 0.0983173 0.0
7.78125 0.0 0.0970209 0.0
7.78906 0.0 0.0955877 0.0
7.79688 0.0 0.0940208 0.0
7.80469 0.0 0.0923237 0.0
7.8125 0.0 0.0905 0.0
7.82031 0.0 0.0885534 0.0
7.82812 0.0 0.0864879 0.0
7.83594 0.0 0.0843074 0.0
7.84375 0.0 0.0820163 0.0
7.85156 0.0 0.0796188 0.0
7.85938 0.0 0.0771194 0.0
7.86719 0.0 0.0745227 0.0
7.875 0.0 0.0718334 0.0
7.88281 0.0 0.0690562 0.0
7.89062 0.0 0.0661961 0.0
7.89844 0.0 0.0632579 0.0
7.90625 0.0 0.0602467 0.0
7.91406 0.0 0.0571677 0.0
7.92188 0.0 0.054026 0.0
7.92969 0.0 0.0508267 0.0
7.9375 0.0 0.0475752 0.0
7.94531 0.0 0.0442767 0.0
7.95312 0.0 0.0409365 0.0
7.96094 0.0 0.03756 0.0
7.96875 0.0 0.0341525 0.0
7.97656 0.0 0.0307192 0.0
7.98438 0.0 0.0272657 0.0
7.99219 0.0 0.0237971 0.0
8 0.0 0.0203188 0.0
8.00781 0.0 0.0168359 0.0
8.01562 0.0 0.0133539 0.0
8.02344 0.0 0.00987769 0.0
8.03125 0.0 0.00641257 0.0
8.03906 0.0 0.00296357 0.0
8.04688 0.0 -0.000464311 0.0
8.05469 0.0 -0.00386613 0.0
8.0625 0.0 -0.00723704 0.0
8.07031 0.0 -0.0105723 0.0
8.07812 0.0 -0.0138671 0.0
8.08594 0.0 -0.017117 0.0
8.09375 0.0 -0.0203175 0.0
8.10156 0.0 -0.0234641 0.0
8.10938 0.0 -0.0265527 0.0
8.11719 0.0 -0.0295791 0.0
8.125 0.0 -0.0325392 0.0
8.13281 0.0 -0.0354291 0.0
8.14062 0.0 -0.0382452 0.0
8.14844 0.0 -0.0409837 0.0
8.15625 0.0 -0.0436412 0.0
8.16406 0.0 -0.0462143 0.0
8.17188 0.0 -0.0486999 0.0
8.17969 0.0 -0.0510948 0.0
8.1875 0.0 -0.0533963 0.0
8.19531 0.0 -0.0556015 0.0
8.20312 0.0 -0.0577079 0.0
8.21094 0.0 -0.059713 0.0
8.21875 0.0 -0.0616147 0.0
8.22656 0.0 -0.0634108 0.0
8.23438 0.0 -0.0650994 0.0
8.24219 0.0 -0.0666787 0.0
8.25 0.0 -0.0681473 0.0
8.25781 0.0 -0.0695036 0.0
8.26562 0.0 -0.0707465 0.0
8.27344 0.0 -0.0718749 0.0
8.28125 0.0 -0.0728878 0.0
8.28906 0.0 -0.0737847 0.0
8.29688 0.0 -0.0745649 0.0
8.30469 0.0 -0.075228 0.0
8.3125 0.0 -0.0757739 0.0
8.32031 0.0 -0.0762026 0.0
8.32812 0.0 -0.0765141 0.0
8.33594 0.0 -0.0767089 0.0
8.34375 0.0 -0.0767873 0.0
8.35156 0.0 -0.0767501 0.0
8.35938 0.0 -0.076598 0.0
8.36719 0.0 -0.076332 0.0
8.375 0.0 -0.0759532 0.0
8.38281 0.0 -0.075463 0.0
8.39062 0.0 -0.0748628 0.0
8.39844 0.0 -0.0741541 0.0
8.40625 0.0 -0.0733387 0.0
8.41406 0.0 -0.0724185 0.0
8.42188 0.0 -0.0713956 0.0
8.42969 0.0 -0.070272 0.0
8.4375 0.0 -0.0690501 0.0
8.44531 0.0 -0.0677324 0.0
8.45312 0.0 -0.0663213 0.0
8.46094 0.0 -0.0648197 0.0
8.46875 0.0 -0.0632302 0.0
8.47656 0.0 -0.0615557 0.0
8.48438 0.0 -0.0597994 0.0
8.49219 0.0 -0.0579643 0.0
8.5 0.0 -0.0560537 0.0
8.50781 0.0 -0.0540708 0.0
8.51562 0.0 -0.0520191 0.0
8.52344 0.0 -0.049902 0.0
8.53125 0.0 -0.0477231 0.0
8.53906 0.0 -0.0454861 0.0
8.54688 0.0 -0.0431947 0.0
8.55469 0.0 -0.0408526 0.0
8.5625 0.0 -0.0384636 0.0
8.57031 0.0 -0.0360316 0.0
8.57812 0.0 -0.0335605 0.0
8.58594 0.0 -0.0310542 0.0
8.59375 0.0 -0.0285168 0.0
8.60156 0.0 -0.0259522 0.0
8.60938 0.0 -0.0233645 0.0
8.61719 0.0 -0.0207576 0.0
8.625 0.0 -0.0181356 0.0
8.63281 0.0 -0.0155025 0.0
8.64062 0.0 -0.0128625 0.0
8.64844 0.0 -0.0102194 0.0
8.65625 0.0 -0.00757731 0.0
8.66406 0.0 -0.00494019 0.0
8.67188 0.0 -0.00231198 0.0
8.67969 0.0 0.000303404 0.0
8.6875 0.0 0.0029021 0.0
8.69531 0.0 0.00548029 0.0
8.70312 0.0 0.00803419 0.0
8.71094 0.0 0.0105601 0.0
8.71875 0.0 0.0130544 0.0
8.72656 0.0 0.0155135 0.0
8.73438 0.0 0.0179339 0.0
8.74219 0.0 0.0203122 0.0
8.75 0.0 0.022645 0.0
8.75781 0.0 0.0249291 0.0
8.76562 0.0 0.0271614 0.0
8.77344 0.0 0.0293387 0.0
8.78125 0.0 0.0314583 0.0
8.78906 0.0 0.0335171 0.0
8.79688 0.0 0.0355125 0.0
8.80469 0.0 0.0374418 0.0
8.8125 0.0 0.0393026 0.0
8.82031 0.0 0.0410925 0.0
8.82812 0.0 0.0428092 0.0
8.83594 0.0 0.0444507 0.0
8.84375 0.0 0.0460148 0.0
8.85156 0.0 0.0474998 0.0
8.85938 0.0 0.0489038 0.0
8.86719 0.0 0.0502254 0.0
8.875 0.0 0.0514631 0.0
8.88281 0.0 0.0526154 0.0
8.89062 0.0 0.0536814 0.0
8.89844 0.0 0.0546599 0.0
8.90625 0.0 0.05555 0.0
8.91406 0.0 0.056351 0.0
8.92188 0.0 0.0570622 0.0
8.92969 0.0 0.0576833 0.0
8.9375 0.0 0.0582138 0.0
8.94531 0.0 0.0586537 0.0
8.95312 0.0 0.0590028 0.0
8.96094 0.0 0.0592613 0.0
8.96875 0.0 0.0594294 0.0
8.97656 0.0 0.0595074 0.0
8.98438 0.0 0.059496 0.0
8.99219 0.0 0.0593957 0.0
9 0.0 0.0592073 0.0
9.00781 0.0 0.0589317 0.0
9.01562 0.0 0.05857 0.0
9.02344 0.0 0.0581234 0.0
9.03125 0.0 0.057593 0.0
9.03906 0.0 0.0569804 0.0
9.04688 0.0 0.0562871 0.0
9.05469 0.0 0.0555146 0.0
9.0625 0.0 0.0546647 0.0
9.07031 0.0 0.0537393 0.0
9.07812 0.0 0.0527403 0.0
9.08594 0.0 0.0516698 0.0
9.09375 0.0 0.05053 0.0
9.10156 0.0 0.0493229 0.0
9.10938 0.0 0.0480511 0.0
9.11719 0.0 0.0467168 0.0
9.125 0.0 0.0453226 0.0
9.13281 0.0 0.043871 0.0
9.14062 0.0 0.0423646 0.0
9.14844 0.0 0.0408061 0.0
9.15625 0.0 0.0391983 0.0
9.16406 0.0 0.0375439 0.0
9.17188 0.0 0.0358458 0.0
9.17969 0.0 0.0341069 0.0
9.1875 0.0 0.0323301 0.0
9.19531 0.0 0.0305184 0.0
9.20312 0.0 0.0286748 0.0
9.21094 0.0 0.0268023 0.0
9.21875 0.0 0.0249038 0.0
9.22656 0.0 0.0229826 0.0
9.23438 0.0 0.0210416 0.0
9.24219 0.0 0.0190839 0.0
9.25 0.0 0.0171127 0.0
9.25781 0.0 0.0151308 0.0
9.26562 0.0 0.0131415 0.0
9.27344 0.0 0.0111478 0.0
9.28125 0.0 0.00915265 0.0
9.28906 0.0 0.00715911 0.0
9.29688 0.0 0.00517016 0.0
9.30469 0.0 0.00318875 0.0
9.3125 0.0 0.0012178 0.0
9.32031 0.0 -0.000739822 0.0
9.32812 0.0 -0.00268127 0.0
9.33594 0.0 -0.00460375 0.0
9.34375 0.0 -0.00650452 0.0
9.35156 0.0 -0.0083809 0.0
9.35938 0.0 -0.0102303 0.0
9.36719 0.0 -0.01205 0.0
9.375 0.0 -0.0138377 0.0
9.38281 0.0 -0.0155908 0.0
9.39062 0.0 -0.0173071 0.0
9.39844 0.0 -0.0189841 0.0
9.40625 0.0 -0.0206197 0.0
9.41406 0.0 -0.0222117 0.0
9.42188 0.0 -0.0237581 0.0
9.42969 0.0 -0.025257 0.0
9.4375 0.0 -0.0267063 0.0
9.44531 0.0 -0.0281042 0.0
9.45312 0.0 -0.0294492 0.0
9.46094 0.0 -0.0307395 0.0
9.46875 0.0 -0.0319737 0.0
9.47656 0.0 -0.0331502 0.0
9.48438 0.0 -0.0342677 0.0
9.49219 0.0 -0.035325 0.0
9.5 0.0 -0.0363209 0.0
9.50781 0.0 -0.0372545 0.0
9.51562 0.0 -0.0381246 0.0
9.52344 0.0 -0.0389305 0.0
9.53125 0.0 -0.0396714 0.0
9.53906 0.0 -0.0403467 0.0
9.54688 0.0 -0.0409558 0.0
9.55469 0.0 -0.0414982 0.0
9.5625 0.0 -0.0419736 0.0
9.57031 0.0 -0.0423818 0.0
9.57812 0.0 -0.0427226 0.0
9.58594 0.0 -0.042996 0.0
9.59375 0.0 -0.043202 0.0
9.60156 0.0 -0.0433407 0.0
9.60938 0.0 -0.0434124 0.0
9.61719 0.0 -0.0434175 0.0
9.625 0.0 -0.0433563 0.0
9.63281 0.0 -0.0432295 0.0
9.64062 0.0 -0.0430375 0.0
9.64844 0.0 -0.0427813 0.0
9.65625 0.0 -0.0424614 0.0
9.66406 0.0 -0.042079 0.0
9.67188 0.0 -0.0416348 0.0
9.67969 0.0 -0.04113 0.0
9.6875 0.0 -0.0405658 0.0
9.69531 0.0 -0.0399433 0.0
9.70312 0.0 -0.0392639 0.0
9.71094 0.0 -0.038529 0.0
9.71875 0.0 -0.0377399 0.0
9.72656 0.0 -0.0368982 0.0
9.73438 0.0 -0.0360056 0.0
9.74219 0.0 -0.0350636 0.0
9.75 0.0 -0.034074 0.0
9.75781 0.0 -0.0330386 0.0
9.76562 0.0 -0.0319592 0.0
9.77344 0.0 -0.0308376 0.0
9.78125 0.0 -0.0296759 0.0
9.78906 0.0 -0.028476 0.0
9.79688 0.0 -0.0272399 0.0
9.80469 0.0 -0.0259698 0.0
9.8125 0.0 -0.0246677 0.0
9.82031 0.0 -0.0233357 0.0
9.82812 0.0 -0.0219761 0.0
9.83594 0.0 -0.0205911 0.0
9.84375 0.0 -0.0191829 0.0
9.85156 0.0 -0.0177537 0.0
9.85938 0.0 -0.0163059 0.0
9.86719 0.0 -0.0148416 0.0
9.875 0.0 -0.0133632 0.0
9.88281 0.0 -0.011873 0.0
9.89062 0.0 -0.0103734 0.0
9.89844 0.0 -0.00886649 0.0
9.90625 0.0 -0.00735473 0.0
9.91406 0.0 -0.00584038 0.0
9.92188 0.0 -0.00432572 0.0
9.92969 0.0 -0.00281304 0.0
9.9375 0.0 -0.00130458 0.0
9.94531 0.0 0.00019742 0.0
9.95312 0.0 0.00169074 0.0
9.96094 0.0 0.00317318 0.0
9.96875 0.0 0.00464261 0.0
9.97656 0.0 0.00609688 0.0
9.98438 0.0 0.00753391 0.0
9.99219 0.0 0.00895165 0.0
10 0.0 0.0103481 0.0
10.0078 0.0 0.0117213 0.0
10.0156 0.0 0.0130693 0.0
10.0234 0.0 0.0143902 0.0
10.0312 0.0 0.0156823 0.0
10.0391 0.0 0.0169437 0.0
10.0469 0.0 0.0181728 0.0
10.0547 0.0 0.019368 0.0
10.0625 0.0 0.0205276 0.0
10.0703 0.0 0.0216502 0.0
10.0781 0.0 0.0227342 0.0
10.0859 0.0 0.0237783 0.0
10.0938 0.0 0.0247812 0.0
10.1016 0.0 0.0257417 0.0
10.1094 0.0 0.0266586 0.0
10.1172 0.0 0.0275307 0.0
10.125 0.0 0.0283572 0.0
10.1328 0.0 0.0291369 0.0
10.1406 0.0 0.0298691 0.0
10.1484 0.0 0.030553 0.0
10.1562 0.0 0.0311879 0.0
10.1641 0.0 0.0317731 0.0
10.1719 0.0 0.0323081 0.0
10.1797 0.0 0.0327925 0.0
10.1875 0.0 0.0332258 0.0
10.1953 0.0 0.0336078 0.0
10.2031 0.0 0.0339381 0.0
10.2109 0.0 0.0342168 0.0
10.2188 0.0 0.0344437 0.0
10.2266 0.0 0.0346188 0.0
10.2344 0.0 0.0347423 0.0
10.2422 0.0 0.0348142 0.0
10.25 0.0 0.0348349 0.0
10.2578 0.0 0.0348048 0.0
10.2656 0.0 0.0347241 0.0
10.2734 0.0 0.0345934 0.0
10.2812 0.0 0.0344132 0.0
10.2891 0.0 0.0341842 0.0
10.2969 0.0 0.033907 0.0
10.3047 0.0 0.0335825 0.0
10.3125 0.0 0.0332114 0.0
10.3203 0.0 0.0327946 0.0
10.3281 0.0 0.0323331 0.0
10.3359 0.0 0.031828 0.0
10.3438 0.0 0.0312803 0.0
10.3516 0.0 0.0306911 0.0
10.3594 0.0 0.0300616 0.0
10.3672 0.0 0.0293931 0.0
10.375 0.0 0.0286869 0.0
10.3828 0.0 0.0279444 0.0
10.3906 0.0 0.0271668 0.0
10.3984 0.0 0.0263556 0.0
10.4062 0.0 0.0255124 0.0
10.4141 0.0 0.0246386 0.0
10.4219 0.0 0.0237357 0.0
10.4297 0.0 0.0228054 0.0
10.4375 0.0 0.0218493 0.0
10.4453 0.0 0.0208689 0.0
10.4531 0.0 0.019866 0.0
10.4609 0.0 0.0188421 0.0
10.4688 0.0 0.0177992 0.0
10.4766 0.0 0.0167387 0.0
10.4844 0.0 0.0156625 0.0
10.4922 0.0 0.0145723 0.0
10.5 0.0 0.0134699 0.0
10.5078 0.0 0.012357 0.0
10.5156 0.0 0.0112354 0.0
10.5234 0.0 0.0101067 0.0
10.5312 0.0 0.00897287 0.0
10.5391 0.0 0.00783554 0.0
10.5469 0.0 0.00669646 0.0
10.5547 0.0 0.00555737 0.0
10.5625 0.0 0.00441998 0.0
10.5703 0.0 0.00328601 0.0
10.5781 0.0 0.00215712 0.0
10.5859 0.0 0.00103498 0.0
10.5938 0.0 -7.87646e-05 0.0
10.6016 0.0 -0.0011825 0.0
10.6094 0.0 -0.00227464 0.0
10.6172 0.0 -0.00335363 0.0
10.625 0.0 -0.00441793 0.0
10.6328 0.0 -0.00546606 0.0
10.6406 0.0 -0.00649655 0.0
10.6484 0.0 -0.00750797 0.0
10.6562 0.0 -0.00849895 0.0
10.6641 0.0 -0.00946814 0.0
10.6719 0.0 -0.0104142 0.0
10.6797 0.0 -0.011336 0.0
10.6875 0.0 -0.0122322 0.0
10.6953 0.0 -0.0131017 0.0
10.7031 0.0 -0.0139433 0.0
10.7109 0.0 -0.014756 0.0
10.7188 0.0 -0.0155388 0.0
10.7266 0.0 -0.0162907 0.0
10.7344 0.0 -0.0170108 0.0
10.7422 0.0 -0.0176983 0.0
10.75 0.0 -0.0183522 0.0
10.7578 0.0 -0.0189719 0.0
10.7656 0.0 -0.0195568 0.0
10.7734 0.0 -0.020106 0.0
10.7812 0.0 -0.0206192 0.0
10.7891 0.0 -0.0210957 0.0
10.7969 0.0 -0.021535 0.0
10.8047 0.0 -0.0219369 0.0
10.8125 0.0 -0.0223008 0.0
10.8203 0.0 -0.0226266 0.0
10.8281 0.0 -0.022914 0.0
10.8359 0.0 -0.0231628 0.0
10.8438 0.0 -0.0233729 0.0
10.8516 0.0 -0.0235443 0.0
10.8594 0.0 -0.0236769 0.0
10.8672 0.0 -0.0237708 0.0
10.875 0.0 -0.0238262 0.0
10.8828 0.0 -0.0238431 0.0
10.8906 0.0 -0.0238219 0.0
10.8984 0.0 -0.0237628 0.0
10.9062 0.0 -0.0236661 0.0
10.9141 0.0 -0.0235322 0.0
10.9219 0.0 -0.0233615 0.0
10.9297 0.0 -0.0231547 0.0
10.9375 0.0 -0.0229121 0.0
10.9453 0.0 -0.0226344 0.0
10.9531 0.0 -0.0223222 0.0
10.9609 0.0 -0.0219762 0.0
10.9688 0.0 -0.0215972 0.0
10.9766 0.0 -0.0211859 0.0
10.9844 0.0 -0.0207432 0.0
10.9922 0.0 -0.0202698 0.0
11 0.0 -0.0197668 0.0
11.0078 0.0 -0.019235 0.0
11.0156 0.0 -0.0186753 0.0
11.0234 0.0 -0.018089 0.0
11.0312 0.0 -0.0174769 0.0
11.0391 0.0 -0.0168401 0.0
11.0469 0.0 -0.0161798 0.0
11.0547 0.0 -0.0154971 0.0
11.0625 0.0 -0.0147931 0.0
11.0703 0.0 -0.0140691 0.0
11.0781 0.0 -0.0133261 0.0
11.0859 0.0 -0.0125656 0.0
11.0938 0.0 -0.0117887 0.0
11.1016 0.0 -0.0109966 0.0
11.1094 0.0 -0.0101907 0.0
11.1172 0.0 -0.00937221 0.0
11.125 0.0 -0.00854247 0.0
11.1328 0.0 -0.00770279 0.0
11.1406 0.0 -0.00685447 0.0
11.1484 0.0 -0.00599884 0.0
11.1562 0.0 -0.00513722 0.0
11.1641 0.0 -0.00427094 0.0
11.1719 0.0 -0.00340131 0.0
11.1797 0.0 -0.00252966 0.0
11.1875 0.0 -0.0016573 0.0
11.1953 0.0 -0.000785543 0.0
11.2031 0.0 8.4321e-05 0.0
11.2109 0.0 0.000951002 0.0
11.2188 0.0 0.00181323 0.0
11.2266 0.0 0.00266974 0.0
11.2344 0.0 0.00351929 0.0
11.2422 0.0 0.00436066 0.0
11.25 0.0 0.00519264 0.0
11.2578 0.0 0.00601406 0.0
11.2656 0.0 0.00682375 0.0
11.2734 0.0 0.00762058 0.0
11.2812 0.0 0.00840345 0.0
11.2891 0.0 0.00917127 0.0
11.2969 0.0 0.009923 0.0
11.3047 0.0 0.0106576 0.0
11.3125 0.0 0.0113742 0.0
11.3203 0.0 0.0120716 0.0
11.3281 0.0 0.0127492 0.0
11.3359 0.0 0.0134059 0.0
11.3438 0.0 0.0140409 0.0
11.3516 0.0 0.0146534 0.0
11.3594 0.0 0.0152427 0.0
11.3672 0.0 0.015808 0.0
11.375 0.0 0.0163486 0.0
11.3828 0.0 0.016864 0.0
11.3906 0.0 0.0173535 0.0
11.3984 0.0 0.0178165 0.0
11.4062 0.0 0.0182526 0.0
11.4141 0.0 0.0186612 0.0
11.4219 0.0 0.019042 0.0
11.4297 0.0 0.0193946 0.0
11.4375 0.0 0.0197187 0.0
11.4453 0.0 0.0200139 0.0
11.4531 0.0 0.02028 0.0
11.4609 0.0 0.0205169 0.0
11.4688 0.0 0.0207244 0.0
11.4766 0.0 0.0209023 0.0
11.4844 0.0 0.0210507 0.0
11.4922 0.0 0.0211695 0.0
11.5 0.0 0.0212588 0.0
11.5078 0.0 0.0213186 0.0
11.5156 0.0 0.0213491 0.0
11.5234 0.0 0.0213503 0.0
11.5312 0.0 0.0213227 0.0
11.5391 0.0 0.0212663 0.0
11.5469 0.0 0.0211815 0.0
11.5547 0.0 0.0210687 0.0
11.5625 0.0 0.0209281 0.0
11.5703 0.0 0.0207603 0.0
11.5781 0.0 0.0205656 0.0
11.5859 0.0 0.0203446 0.0
11.5938 0.0 0.0200978 0.0
11.6016 0.0 0.0198257 0.0
11.6094 0.0 0.019529 0.0
11.6172 0.0 0.0192083 0.0
11.625 0.0 0.0188642 0.0
11.6328 0.0 0.0184975 0.0
11.6406 0.0 0.0181089 0.0
11.6484 0.0 0.017699 0.0
11.6562 0.0 0.0172688 0.0
11.6641 0.0 0.0168189 0.0
11.6719 0.0 0.0163503 0.0
11.6797 0.0 0.0158638 0.0
11.6875 0.0 0.0153602 0.0
11.6953 0.0 0.0148404 0.0
11.7031 0.0 0.0143054 0.0
11.7109 0.0 0.013756 0.0
11.7188 0.0 0.0131933 0.0
11.7266 0.0 0.0126181 0.0
11.7344 0.0 0.0120315 0.0
11.7422 0.0 0.0114343 0.0
11.75 0.0 0.0108276 0.0
11.7578 0.0 0.0102125 0.0
11.7656 0.0 0.00958974 0.0
11.7734 0.0 0.00896049 0.0
11.7812 0.0 0.00832573 0.0
11.7891 0.0 0.00768645 0.0
11.7969 0.0 0.00704365 0.0
11.8047 0.0 0.00639835 0.0
11.8125 0.0 0.00575153 0.0
11.8203 0.0 0.00510419 0.0
11.8281 0.0 0.00445733 0.0
11.8359 0.0 0.00381191 0.0
11.8438 0.0 0.00316892 0.0
11.8516 0.0 0.0025293 0.0
11.8594 0.0 0.00189402 0.0
11.8672 0.0 0.00126399 0.0
11.875 0.0 0.000640157 0.0
11.8828 0.0 2.34087e-05 0.0
11.8906 0.0 -0.000585362 0.0
11.8984 0.0 -0.00118529 0.0
11.9062 0.0 -0.00177551 0.0
11.9141 0.0 -0.00235522 0.0
11.9219 0.0 -0.00292358 0.0
11.9297 0.0 -0.00347983 0.0
11.9375 0.0 -0.0040232 0.0
11.9453 0.0 -0.00455294 0.0
11.9531 0.0 -0.00506836 0.0
11.9609 0.0 -0.00556875 0.0
11.9688 0.0 -0.00605348 0.0
11.9766 0.0 -0.00652189 0.0
11.9844 0.0 -0.0069734 0.0
11.9922 0.0 -0.00740743 0.0
12 0.0 -0.00782343 0.0
12.0078 0.0 -0.0082209 0.0
12.0156 0.0 -0.00859936 0.0
12.0234 0.0 -0.00895835 0.0
12.0312 0.0 -0.00929746 0.0
12.0391 0.0 -0.0096163 0.0
12.0469 0.0 -0.00991452 0.0
12.0547 0.0 -0.0101918 0.0
12.0625 0.0 -0.0104479 0.0
12.0703 0.0 -0.0106824 0.0
12.0781 0.0 -0.0108953 0.0
12.0859 0.0 -0.0110863 0.0
12.0938 0.0 -0.0112553 0.0
12.1016 0.0 -0.0114021 0.0
12.1094 0.0 -0.0115267 0.0
12.1172 0.0 -0.011629 0.0
12.125 0.0 -0.0117091 0.0
12.1328 0.0 -0.0117668 0.0
12.1406 0.0 -0.0118023 0.0
12.1484 0.0 -0.0118156 0.0
12.1562 0.0 -0.0118069 0.0
12.1641 0.0 -0.0117764 0.0
12.1719 0.0 -0.0117241 0.0
12.1797 0.0 -0.0116503 0.0
12.1875 0.0 -0.0115552 0.0
12.1953 0.0 -0.0114392 0.0
12.2031 0.0 -0.0113025 0.0
12.2109 0.0 -0.0111454 0.0
12.2188 0.0 -0.0109683 0.0
12.2266 0.0 -0.0107715 0.0
12.2344 0.0 -0.0105556 0.0
12.2422 0.0 -0.0103209 0.0
12.25 0.0 -0.0100678 0.0
12.2578 0.0 -0.00979697 0.0
12.2656 0.0 -0.00950879 0.0
12.2734 0.0 -0.00920382 0.0
12.2812 0.0 -0.00888261 0.0
12.2891 0.0 -0.00854574 0.0
12.2969 0.0 -0.0081938 0.0
12.3047 0.0 -0.00782741 0.0
12.3125 0.0 -0.00744719 0.0
12.3203 0.0 -0.00705379 0.0
12.3281 0.0 -0.00664787 0.0
12.3359 0.0 -0.0062301 0.0
12.3438 0.0 -0.00580119 0.0
12.3516 0.0 -0.00536182 0.0
12.3594 0.0 -0.00491271 0.0
12.3672 0.0 -0.00445458 0.0
12.375 0.0 -0.00398816 0.0
12.3828 0.0 -0.0035142 0.0
12.3906 0.0 -0.00303343 0.0
12.3984 0.0 -0.00254661 0.0
12.4062 0.0 -0.0020545 0.0
12.4141 0.0 -0.00155784 0.0
12.4219 0.0 -0.0010574 0.0
12.4297 0.0 -0.000553944 0.0
12.4375 0.0 -4.82247e-05 0.0
12.4453 0.0 0.000458998 0.0
12.4531 0.0 0.000966968 0.0
12.4609 0.0 0.00147493 0.0
12.4688 0.0 0.00198215 0.0
12.4766 0.0 0.00248788 0.0
12.4844 0.0 0.00299138 0.0
12.4922 0.0 0.00349193 0.0
12.5 0.0 0.00398882 0.0
12.5078 0.0 0.00448134 0.0
12.5156 0.0 0.00496879 0.0
12.5234 0.0 0.0054505 0.0
12.5312 0.0 0.0059258 0.0
12.5391 0.0 0.00639402 0.0
12.5469 0.0 0.00685453 0.0
12.5547 0.0 0.00730671 0.0
12.5625 0.0 0.00774995 0.0
12.5703 0.0 0.00818367 0.0
12.5781 0.0 0.00860728 0.0
12.5859 0.0 0.00902024 0.0
12.5938 0.0 0.00942201 0.0
12.6016 0.0 0.00981209 0.0
12.6094 0.0 0.01019 0.0
12.6172 0.0 0.0105552 0.0
12.625 0.0 0.0109074 0.0
12.6328 0.0 0.011246 0.0
12.6406 0.0 0.0115707 0.0
12.6484 0.0 0.0118811 0.0
12.6562 0.0 0.0121768 0.0
12.6641 0.0 0.0124575 0.0
12.6719 0.0 0.012723 0.0
12.6797 0.0 0.0129729 0.0
12.6875 0.0 0.013207 0.0
12.6953 0.0 0.0134251 0.0
12.7031 0.0 0.0136269 0.0
12.7109 0.0 0.0138123 0.0
12.7188 0.0 0.0139811 0.0
12.7266 0.0 0.0141333 0.0
12.7344 0.0 0.0142687 0.0
12.7422 0.0 0.0143872 0.0
12.75 0.0 0.0144888 0.0
12.7578 0.0 0.0145735 0.0
12.7656 0.0 0.0146414 0.0
12.7734 0.0 0.0146923 0.0
12.7812 0.0 0.0147264 0.0
12.7891 0.0 0.0147438 0.0
12.7969 0.0 0.0147446 0.0
12.8047 0.0 0.0147289 0.0
12.8125 0.0 0.0146968 0.0
12.8203 0.0 0.0146486 0.0
12.8281 0.0 0.0145845 0.0
12.8359 0.0 0.0145046 0.0
12.8438 0.0 0.0144093 0.0
12.8516 0.0 0.0142987 0.0
12.8594 0.0 0.0141733 0.0
12.8672 0.0 0.0140332 0.0
12.875 0.0 0.0138789 0.0
12.8828 0.0 0.0137107 0.0
12.8906 0.0 0.0135289 0.0
12.8984 0.0 0.013334 0.0
12.9062 0.0 0.0131263 0.0
12.9141 0.0 0.0129063 0.0
12.9219 0.0 0.0126744 0.0
12.9297 0.0 0.012431 0.0
12.9375 0.0 0.0121767 0.0
12.9453 0.0 0.0119119 0.0
12.9531 0.0 0.0116371 0.0
12.9609 0.0 0.0113528 0.0
12.9688 0.0 0.0110595 0.0
12.9766 0.0 0.0107577 0.0
12.9844 0.0 0.010448 0.0
12.9922 0.0 0.0101309 0.0
13 0.0 0.00980705 0.0
13.0078 0.0 0.00947687 0.0
13.0156 0.0 0.00914097 0.0
13.0234 0.0 0.00879992 0.0
13.0312 0.0 0.0084543 0.0
13.0391 0.0 0.00810466 0.0
13.0469 0.0 0.0077516 0.0
13.0547 0.0 0.00739568 0.0
13.0625 0.0 0.00703748 0.0
13.0703 0.0 0.00667758 0.0
13.0781 0.0 0.00631656 0.0
13.0859 0.0 0.00595497 0.0
13.0938 0.0 0.00559341 0.0
13.1016 0.0 0.00523242 0.0
13.1094 0.0 0.00487258 0.0
13.1172 0.0 0.00451443 0.0
13.125 0.0 0.00415853 0.0
13.1328 0.0 0.00380541 0.0
13.1406 0.0 0.00345562 0.0
13.1484 0.0 0.00310967 0.0
13.1562 0.0 0.00276808 0.0
13.1641 0.0 0.00243137 0.0
13.1719 0.0 0.00210001 0.0
13.1797 0.0 0.00177451 0.0
13.1875 0.0 0.00145532 0.0
13.1953 0.0 0.00114291 0.0
13.2031 0.0 0.000837727 0.0
13.2109 0.0 0.000540199 0.0
13.2188 0.0 0.000250746 0.0
13.2266 0.0 -3.02307e-05 0.0
13.2344 0.0 -0.000302342 0.0
13.2422 0.0 -0.000565217 0.0
13.25 0.0 -0.000818501 0.0
13.2578 0.0 -0.00106185 0.0
13.2656 0.0 -0.00129495 0.0
13.2734 0.0 -0.0015175 0.0
13.2812 0.0 -0.0017292 0.0
13.2891 0.0 -0.00192979 0.0
13.2969 0.0 -0.00211902 0.0
13.3047 0.0 -0.00229666 0.0
13.3125 0.0 -0.00246249 0.0
13.3203 0.0 -0.00261633 0.0
13.3281 0.0 -0.00275799 0.0
13.3359 0.0 -0.00288732 0.0
13.3438 0.0 -0.00300419 0.0
13.3516 0.0 -0.00310848 0.0
13.3594 0.0 -0.00320009 0.0
13.3672 0.0 -0.00327895 0.0
13.375 0.0 -0.003345 0.0
13.3828 0.0 -0.0033982 0.0
13.3906 0.0 -0.00343853 0.0
13.3984 0.0 -0.00346599 0.0
13.4062 0.0 -0.0034806 0.0
13.4141 0.0 -0.0034824 0.0
13.4219 0.0 -0.00347144 0.0
13.4297 0.0 -0.00344781 0.0
13.4375 0.0 -0.00341159 0.0
13.4453 0.0 -0.00336291 0.0
13.4531 0.0 -0.00330188 0.0
13.4609 0.0 -0.00322866 0.0
13.4688 0.0 -0.0031434 0.0
13.4766 0.0 -0.0030463 0.0
13.4844 0.0 -0.00293755 0.0
13.4922 0.0 -0.00281737 0.0
13.5 0.0 -0.00268597 0.0
13.5078 0.0 -0.00254362 0.0
13.5156 0.0 -0.00239056 0.0
13.5234 0.0 -0.00222707 0.0
13.5312 0.0 -0.00205345 0.0
13.5391 0.0 -0.00186997 0.0
13.5469 0.0 -0.00167698 0.0
13.5547 0.0 -0.00147477 0.0
13.5625 0.0 -0.0012637 0.0
13.5703 0.0 -0.00104411 0.0
13.5781 0.0 -0.000816362 0.0
13.5859 0.0 -0.000580817 0.0
13.5938 0.0 -0.000337855 0.0
13.6016 0.0 -8.78612e-05 0.0
13.6094 0.0 0.000168771 0.0
13.6172 0.0 0.000431641 0.0
13.625 0.0 0.000700342 0.0
13.6328 0.0 0.000974461 0.0
13.6406 0.0 0.00125358 0.0
13.6484 0.0 0.00153728 0.0
13.6562 0.0 0.00182512 0.0
13.6641 0.0 0.00211668 0.0
13.6719 0.0 0.00241154 0.0
13.6797 0.0 0.00270924 0.0
13.6875 0.0 0.00300936 0.0
13.6953 0.0 0.00331145 0.0
13.7031 0.0 0.00361509 0.0
13.7109 0.0 0.00391984 0.0
13.7188 0.0 0.00422526 0.0
13.7266 0.0 0.00453091 0.0
13.7344 0.0 0.00483638 0.0
13.7422 0.0 0.00514122 0.0
13.75 0.0 0.00544503 0.0
13.7578 0.0 0.00574737 0.0
13.7656 0.0 0.00604785 0.0
13.7734 0.0 0.00634604 0.0
13.7812 0.0 0.00664154 0.0
13.7891 0.0 0.00693397 0.0
13.7969 0.0 0.00722294 0.0
13.8047 0.0 0.00750806 0.0
13.8125 0.0 0.00778897 0.0
13.8203 0.0 0.0080653 0.0
13.8281 0.0 0.00833669 0.0
13.8359 0.0 0.00860282 0.0
13.8438 0.0 0.00886334 0.0
13.8516 0.0 0.00911793 0.0
13.8594 0.0 0.00936629 0.0
13.8672 0.0 0.00960811 0.0
13.875 0.0 0.0098431 0.0
13.8828 0.0 0.010071 0.0
13.8906 0.0 0.0102915 0.0
13.8984 0.0 0.0105045 0.0
13.9062 0.0 0.0107095 0.0
13.9141 0.0 0.0109066 0.0
13.9219 0.0 0.0110953 0.0
13.9297 0.0 0.0112756 0.0
13.9375 0.0 0.0114472 0.0
13.9453 0.0 0.01161 0.0
13.9531 0.0 0.0117638 0.0
13.9609 0.0 0.0119085 0.0
13.9688 0.0 0.012044 0.0
13.9766 0.0 0.0121702 0.0
13.9844 0.0 0.0122869 0.0
13.9922 0.0 0.0123942 0.0
14 0.0 0.0124918 0.0
14.0078 0.0 0.0125799 0.0
14.0156 0.0 0.0126583 0.0
14.0234 0.0 0.012727 0.0
14.0312 0.0 0.0127861 0.0
14.0391 0.0 0.0128356 0.0
14.0469 0.0 0.0128753 0.0
14.0547 0.0 0.0129056 0.0
14.0625 0.0 0.0129262 0.0
14.0703 0.0 0.0129375 0.0
14.0781 0.0 0.0129393 0.0
14.0859 0.0 0.0129318 0.0
14.0938 0.0 0.0129152 0.0
14.1016 0.0 0.0128896 0.0
14.1094 0.0 0.012855 0.0
14.1172 0.0 0.0128117 0.0
14.125 0.0 0.0127597 0.0
14.1328 0.0 0.0126994 0.0
14.1406 0.0 0.0126307 0.0
14.1484 0.0 0.0125541 0.0
14.1562 0.0 0.0124696 0.0
14.1641 0.0 0.0123775 0.0
14.1719 0.0 0.012278 0.0
14.1797 0.0 0.0121713 0.0
14.1875 0.0 0.0120578 0.0
14.1953 0.0 0.0119376 0.0
14.2031 0.0 0.011811 0.0
14.2109 0.0 0.0116782 0.0
14.2188 0.0 0.0115397 0.0
14.2266 0.0 0.0113956 0.0
14.2344 0.0 0.0112462 0.0
14.2422 0.0 0.0110919 0.0
14.25 0.0 0.0109329 0.0
14.2578 0.0 0.0107696 0.0
14.2656 0.0 0.0106022 0.0
14.2734 0.0 0.0104312 0.0
14.2812 0.0 0.0102567 0.0
14.2891 0.0 0.0100792 0.0
14.2969 0.0 0.00989895 0.0
14.3047 0.0 0.00971629 0.0
14.3125 0.0 0.00953155 0.0
14.3203 0.0 0.00934507 0.0
14.3281 0.0 0.00915717 0.0
14.3359 0.0 0.00896819 0.0
14.3438 0.0 0.00877846 0.0
14.3516 0.0 0.00858832 0.0
14.3594 0.0 0.00839808 0.0
14.3672 0.0 0.00820808 0.0
14.375 0.0 0.00801865 0.0
14.3828 0.0 0.0078301 0.0
14.3906 0.0 0.00764275 0.0
14.3984 0.0 0.00745692 0.0
14.4062 0.0 0.00727292 0.0
14.4141 0.0 0.00709106 0.0
14.4219 0.0 0.00691163 0.0
14.4297 0.0 0.00673492 0.0
14.4375 0.0 0.00656124 0.0
14.4453 0.0 0.00639086 0.0
14.4531 0.0 0.00622405 0.0
14.4609 0.0 0.00606109 0.0
14.4688 0.0 0.00590224 0.0
14.4766 0.0 0.00574775 0.0
14.4844 0.0 0.00559787 0.0
14.4922 0.0 0.00545283 0.0
14.5 0.0 0.00531286 0.0
14.5078 0.0 0.00517819 0.0
14.5156 0.0 0.00504902 0.0
14.5234 0.0 0.00492555 0.0
14.5312 0.0 0.00480797 0.0
14.5391 0.0 0.00469647 0.0
14.5469 0.0 0.00459121 0.0
14.5547 0.0 0.00449236 0.0
14.5625 0.0 0.00440006 0.0
14.5703 0.0 0.00431446 0.0
14.5781 0.0 0.00423568 0.0
14.5859 0.0 0.00416385 0.0
14.5938 0.0 0.00409906 0.0
14.6016 0.0 0.00404141 0.0
14.6094 0.0 0.00399099 0.0
14.6172 0.0 0.00394787 0.0
14.625 0.0 0.00391211 0.0
14.6328 0.0 0.00388376 0.0
14.6406 0.0 0.00386287 0.0
14.6484 0.0 0.00384945 0.0
14.6562 0.0 0.00384353 0.0
14.6641 0.0 0.00384511 0.0
14.6719 0.0 0.00385419 0.0
14.6797 0.0 0.00387075 0.0
14.6875 0.0 0.00389476 0.0
14.6953 0.0 0.00392618 0.0
14.7031 0.0 0.00396497 0.0
14.7109 0.0 0.00401107 0.0
14.7188 0.0 0.0040644 0.0
14.7266 0.0 0.00412488 0.0
14.7344 0.0 0.00419244 0.0
14.7422 0.0 0.00426695 0.0
14.75 0.0 0.00434833 0.0
14.7578 0.0 0.00443644 0.0
14.7656 0.0 0.00453116 0.0
14.7734 0.0 0.00463235 0.0
14.7812 0.0 0.00473988 0.0
14.7891 0.0 0.00485357 0.0
14.7969 0.0 0.00497328 0.0
14.8047 0.0 0.00509883 0.0
14.8125 0.0 0.00523004 0.0
14.8203 0.0 0.00536674 0.0
14.8281 0.0 0.00550873 0.0
14.8359 0.0 0.00565581 0.0
14.8438 0.0 0.00580778 0.0
14.8516 0.0 0.00596443 0.0
14.8594 0.0 0.00612555 0.0
14.8672 0.0 0.00629091 0.0
14.875 0.0 0.00646029 0.0
14.8828 0.0 0.00663347 0.0
14.8906 0.0 0.0068102 0.0
14.8984 0.0 0.00699026 0.0
14.9062 0.0 0.0071734 0.0
14.9141 0.0 0.00735938 0.0
14.9219 0.0 0.00754796 0.0
14.9297 0.0 0.00773888 0.0
14.9375 0.0 0.00793191 0.0
14.9453 0.0 0.00812678 0.0
14.9531 0.0 0.00832325 0.0
14.9609 0.0 0.00852107 0.0
14.9688 0.0 0.00871998 0.0
14.9766 0.0 0.00891974 0.0
14.9844 0.0 0.00912009 0.0
14.9922 0.0 0.00932078 0.0
15 0.0 0.00952156 0.0
15.0078 0.0 0.00972219 0.0
15.0156 0.0 0.00992242 0.0
15.0234 0.0 0.010122 0.0
15.0312 0.0 0.0103207 0.0
15.0391 0.0 0.0105183 0.0
15.0469 0.0 0.0107146 0.0
15.0547 0.0 0.0109092 0.0
15.0625 0.0 0.0111021 0.0
15.0703 0.0 0.0112929 0.0
15.0781 0.0 0.0114815 0.0
15.0859 0.0 0.0116676 0.0
15.0938 0.0 0.0118511 0.0
15.1016 0.0 0.0120317 0.0
15.1094 0.0 0.0122093 0.0
15.1172 0.0 0.0123836 0.0
15.125 0.0 0.0125545 0.0
15.1328 0.0 0.0127218 0.0
15.1406 0.0 0.0128853 0.0
15.1484 0.0 0.013045 0.0
15.1562 0.0 0.0132005 0.0
15.1641 0.0 0.0133518 0.0
15.1719 0.0 0.0134987 0.0
15.1797 0.0 0.0136411 0.0
15.1875 0.0 0.0137789 0.0
15.1953 0.0 0.0139119 0.0
15.2031 0.0 0.0140401 0.0
15.2109 0.0 0.0141634 0.0
15.2188 0.0 0.0142816 0.0
15.2266 0.0 0.0143946 0.0
15.2344 0.0 0.0145025 0.0
15.2422 0.0 0.0146051 0.0
15.25 0.0 0.0147024 0.0
15.2578 0.0 0.0147944 0.0
15.2656 0.0 0.0148809 0.0
15.2734 0.0 0.014962 0.0
15.2812 0.0 0.0150376 0.0
15.2891 0.0 0.0151077 0.0
15.2969 0.0 0.0151724 0.0
15.3047 0.0 0.0152315 0.0
15.3125 0.0 0.0152852 0.0
15.3203 0.0 0.0153335 0.0
15.3281 0.0 0.0153763 0.0
15.3359 0.0 0.0154138 0.0
15.3438 0.0 0.0154459 0.0
15.3516 0.0 0.0154727 0.0
15.3594 0.0 0.0154943 0.0
15.3672 0.0 0.0155107 0.0
15.375 0.0 0.0155221 0.0
15.3828 0.0 0.0155284 0.0
15.3906 0.0 0.0155299 0.0
15.3984 0.0 0.0155265 0.0
15.4062 0.0 0.0155184 0.0
15.4141 0.0 0.0155057 0.0
15.4219 0.0 0.0154885 0.0
15.4297 0.0 0.015467 0.0
15.4375 0.0 0.0154412 0.0
15.4453 0.0 0.0154114 0.0
15.4531 0.0 0.0153775 0.0
15.4609 0.0 0.0153399 0.0
15.4688 0.0 0.0152986 0.0
15.4766 0.0 0.0152538 0.0
15.4844 0.0 0.0152057 0.0
15.4922 0.0 0.0151544 0.0
15.5 0.0 0.0151001 0.0
15.5078 0.0 0.0150429 0.0
15.5156 0.0 0.014983 0.0
15.5234 0.0 0.0149207 0.0
15.5312 0.0 0.0148561 0.0
15.5391 0.0 0.0147893 0.0
15.5469 0.0 0.0147206 0.0
15.5547 0.0 0.0146502 0.0
15.5625 0.0 0.0145782 0.0
15.5703 0.0 0.0145048 0.0
15.5781 0.0 0.0144302 0.0
15.5859 0.0 0.0143547 0.0
15.5938 0.0 0.0142783 0.0
15.6016 0.0 0.0142014 0.0
15.6094 0.0 0.014124 0.0
15.6172 0.0 0.0140464 0.0
15.625 0.0 0.0139688 0.0
15.6328 0.0 0.0138914 0.0
15.6406 0.0 0.0138143 0.0
15.6484 0.0 0.0137377 0.0
15.6562 0.0 0.0136619 0.0
15.6641 0.0 0.013587 0.0
15.6719 0.0 0.0135132 0.0
15.6797 0.0 0.0134407 0.0
15.6875 0.0 0.0133696 0.0
15.6953 0.0 0.0133001 0.0
15.7031 0.0 0.0132324 0.0
15.7109 0.0 0.0131667 0.0
15.7188 0.0 0.0131031 0.0
15.7266 0.0 0.0130418 0.0
15.7344 0.0 0.0129829 0.0
15.7422 0.0 0.0129266 0.0
15.75 0.0 0.012873 0.0
15.7578 0.0 0.0128223 0.0
15.7656 0.0 0.0127746 0.0
15.7734 0.0 0.01273 0.0
15.7812 0.0 0.0126887 0.0
15.7891 0.0 0.0126507 0.0
15.7969 0.0 0.0126163 0.0
15.8047 0.0 0.0125854 0.0
15.8125 0.0 0.0125583 0.0
15.8203 0.0 0.012535 0.0
15.8281 0.0 0.0125155 0.0
15.8359 0.0 0.0125001 0.0
15.8438 0.0 0.0124887 0.0
15.8516 0.0 0.0124814 0.0
15.8594 0.0 0.0124783 0.0
15.8672 0.0 0.0124795 0.0
15.875 0.0 0.0124849 0.0
15.8828 0.0 0.0124947 0.0
15.8906 0.0 0.012509 0.0
15.8984 0.0 0.0125276 0.0
15.9062 0.0 0.0125507 0.0
15.9141 0.0 0.0125782 0.0
15.9219 0.0 0.0126103 0.0
15.9297 0.0 0.0126468 0.0
15.9375 0.0 0.0126878 0.0
15.9453 0.0 0.0127333 0.0
15.9531 0.0 0.0127833 0.0
15.9609 0.0 0.0128378 0.0
15.9688 0.0 0.0128966 0.0
15.9766 0.0 0.0129599 0.0
15.9844 0.0 0.0130276 0.0
15.9922 0.0 0.0130995 0.0
16 0.0 0.0131758 0.0
16.0078 0.0 0.0132562 0.0
16.0156 0.0 0.0133408 0.0
16.0234 0.0 0.0134295 0.0
16.0312 0.0 0.0135222 0.0
16.0391 0.0 0.0136189 0.0
16.0469 0.0 0.0137194 0.0
16.0547 0.0 0.0138237 0.0
16.0625 0.0 0.0139317 0.0
16.0703 0.0 0.0140433 0.0
16.0781 0.0 0.0141584 0.0
16.0859 0.0 0.0142769 0.0
16.0938 0.0 0.0143986 0.0
16.1016 0.0 0.0145235 0.0
16.1094 0.0 0.0146515 0.0
16.1172 0.0 0.0147823 0.0
16.125 0.0 0.014916 0.0
16.1328 0.0 0.0150524 0.0
16.1406 0.0 0.0151913 0.0
16.1484 0.0 0.0153327 0.0
16.1562 0.0 0.0154763 0.0
16.1641 0.0 0.0156221 0.0
16.1719 0.0 0.0157699 0.0
16.1797 0.0 0.0159196 0.0
16.1875 0.0 0.0160711 0.0
16.1953 0.0 0.0162241 0.0
16.2031 0.0 0.0163785 0.0
16.2109 0.0 0.0165343 0.0
16.2188 0.0 0.0166912 0.0
16.2266 0.0 0.0168492 0.0
16.2344 0.0 0.017008 0.0
16.2422 0.0 0.0171675 0.0
16.25 0.0 0.0173277 0.0
16.2578 0.0 0.0174882 0.0
16.2656 0.0 0.017649 0.0
16.2734 0.0 0.01781 0.0
16.2812 0.0 0.017971 0.0
16.2891 0.0 0.0181319 0.0
16.2969 0.0 0.0182924 0.0
16.3047 0.0 0.0184526 0.0
16.3125 0.0 0.0186122 0.0
16.3203 0.0 0.0187711 0.0
16.3281 0.0 0.0189292 0.0
16.3359 0.0 0.0190863 0.0
16.3438 0.0 0.0192424 0.0
16.3516 0.0 0.0193973 0.0
16.3594 0.0 0.0195509 0.0
16.3672 0.0 0.019703 0.0
16.375 0.0 0.0198536 0.0
16.3828 0.0 0.0200025 0.0
16.3906 0.0 0.0201496 0.0
16.3984 0.0 0.0202949 0.0
16.4062 0.0 0.0204383 0.0
16.4141 0.0 0.0205795 0.0
16.4219 0.0 0.0207186 0.0
16.4297 0.0 0.0208555 0.0
16.4375 0.0 0.02099 0.0
16.4453 0.0 0.0211221 0.0
16.4531 0.0 0.0212518 0.0
16.4609 0.0 0.0213789 0.0
16.4688 0.0 0.0215033 0.0
16.4766 0.0 0.0216252 0.0
16.4844 0.0 0.0217442 0.0
16.4922 0.0 0.0218606 0.0
16.5 0.0 0.021974 0.0
16.5078 0.0 0.0220847 0.0
16.5156 0.0 0.0221924 0.0
16.5234 0.0 0.0222972 0.0
16.5312 0.0 0.0223991 0.0
16.5391 0.0 0.022498 0.0
16.5469 0.0 0.0225939 0.0
16.5547 0.0 0.0226867 0.0
16.5625 0.0 0.0227766 0.0
16.5703 0.0 0.0228635 0.0
16.5781 0.0 0.0229474 0.0
16.5859 0.0 0.0230283 0.0
16.5938 0.0 0.0231063 0.0
16.6016 0.0 0.0231812 0.0
16.6094 0.0 0.0232533 0.0
16.6172 0.0 0.0233224 0.0
16.625 0.0 0.0233887 0.0
16.6328 0.0 0.0234521 0.0
16.6406 0.0 0.0235128 0.0
16.6484 0.0 0.0235707 0.0
16.6562 0.0 0.0236259 0.0
16.6641 0.0 0.0236785 0.0
16.6719 0.0 0.0237285 0.0
16.6797 0.0 0.023776 0.0
16.6875 0.0 0.0238211 0.0
16.6953 0.0 0.0238638 0.0
16.7031 0.0 0.0239041 0.0
16.7109 0.0 0.0239423 0.0
16.7188 0.0 0.0239783 0.0
16.7266 0.0 0.0240122 0.0
16.7344 0.0 0.0240442 0.0
16.7422 0.0 0.0240743 0.0
16.75 0.0 0.0241026 0.0
16.7578 0.0 0.0241292 0.0
16.7656 0.0 0.0241543 0.0
16.7734 0.0 0.0241778 0.0
16.7812 0.0 0.0241999 0.0
16.7891 0.0 0.0242207 0.0
16.7969 0.0 0.0242404 0.0
16.8047 0.0 0.024259 0.0
16.8125 0.0 0.0242766 0.0
16.8203 0.0 0.0242933 0.0
16.8281 0.0 0.0243093 0.0
16.8359 0.0 0.0243247 0.0
16.8438 0.0 0.0243395 0.0
16.8516 0.0 0.0243539 0.0
16.8594 0.0 0.024368 0.0
16.8672 0.0 0.0243819 0.0
16.875 0.0 0.0243958 0.0
16.8828 0.0 0.0244097 0.0
16.8906 0.0 0.0244238 0.0
16.8984 0.0 0.0244381 0.0
16.9062 0.0 0.0244528 0.0
16.9141 0.0 0.024468 0.0
16.9219 0.0 0.0244838 0.0
16.9297 0.0 0.0245003 0.0
16.9375 0.0 0.0245176 0.0
16.9453 0.0 0.0245358 0.0
16.9531 0.0 0.0245551 0.0
16.9609 0.0 0.0245755 0.0
16.9688 0.0 0.0245971 0.0
16.9766 0.0 0.0246201 0.0
16.9844 0.0 0.0246445 0.0
16.9922 0.0 0.0246704 0.0
17 0.0 0.0246979 0.0
17.0078 0.0 0.0247272 0.0
17.0156 0.0 0.0247582 0.0
17.0234 0.0 0.0247911 0.0
17.0312 0.0 0.024826 0.0
17.0391 0.0 0.024863 0.0
17.0469 0.0 0.024902 0.0
17.0547 0.0 0.0249432 0.0
17.0625 0.0 0.0249867 0.0
17.0703 0.0 0.0250326 0.0
17.0781 0.0 0.0250808 0.0
17.0859 0.0 0.0251314 0.0
17.0938 0.0 0.0251846 0.0
17.1016 0.0 0.0252403 0.0
17.1094 0.0 0.0252986 0.0
17.1172 0.0 0.0253596 0.0
17.125 0.0 0.0254233 0.0
17.1328 0.0 0.0254897 0.0
17.1406 0.0 0.0255589 0.0
17.1484 0.0 0.0256309 0.0
17.1562 0.0 0.0257057 0.0
17.1641 0.0 0.0257833 0.0
17.1719 0.0 0.0258638 0.0
17.1797 0.0 0.0259472 0.0
17.1875 0.0 0.0260334 0.0
17.1953 0.0 0.0261226 0.0
17.2031 0.0 0.0262147 0.0
17.2109 0.0 0.0263097 0.0
17.2188 0.0 0.0264075 0.0
17.2266 0.0 0.0265083 0.0
17.2344 0.0 0.0266119 0.0
17.2422 0.0 0.0267185 0.0
17.25 0.0 0.0268278 0.0
17.2578 0.0 0.02694 0.0
17.2656 0.0 0.0270549 0.0
17.2734 0.0 0.0271727 0.0
17.2812 0.0 0.0272932 0.0
17.2891 0.0 0.0274163 0.0
17.2969 0.0 0.0275422 0.0
17.3047 0.0 0.0276706 0.0
17.3125 0.0 0.0278017 0.0
17.3203 0.0 0.0279352 0.0
17.3281 0.0 0.0280713 0.0
17.3359 0.0 0.0282097 0.0
17.3438 0.0 0.0283506 0.0
17.3516 0.0 0.0284937 0.0
17.3594 0.0 0.0286391 0.0
17.3672 0.0 0.0287867 0.0
17.375 0.0 0.0289364 0.0
17.3828 0.0 0.0290881 0.0
17.3906 0.0 0.0292418 0.0
17.3984 0.0 0.0293974 0.0
17.4062 0.0 0.0295549 0.0
17.4141 0.0 0.0297141 0.0
17.4219 0.0 0.029875 0.0
17.4297 0.0 0.0300376 0.0
17.4375 0.0 0.0302016 0.0
17.4453 0.0 0.0303671 0.0
17.4531 0.0 0.030534 0.0
17.4609 0.0 0.0307021 0.0
17.4688 0.0 0.0308714 0.0
17.4766 0.0 0.0310419 0.0
17.4844 0.0 0.0312134 0.0
17.4922 0.0 0.0313858 0.0
17.5 0.0 0.0315592 0.0
17.5078 0.0 0.0317333 0.0
17.5156 0.0 0.031908 0.0
17.5234 0.0 0.0320834 0.0
17.5312 0.0 0.0322594 0.0
17.5391 0.0 0.0324358 0.0
17.5469 0.0 0.0326125 0.0
17.5547 0.0 0.0327895 0.0
17.5625 0.0 0.0329667 0.0
17.5703 0.0 0.0331441 0.0
17.5781 0.0 0.0333215 0.0
17.5859 0.0 0.0334988 0.0
17.5938 0.0 0.033676 0.0
17.6016 0.0 0.0338531 0.0
17.6094 0.0 0.0340298 0.0
17.6172 0.0 0.0342063 0.0
17.625 0.0 0.0343823 0.0
17.6328 0.0 0.0345578 0.0
17.6406 0.0 0.0347328 0.0
17.6484 0.0 0.0349072 0.0
17.6562 0.0 0.035081 0.0
17.6641 0.0 0.035254 0.0
17.6719 0.0 0.0354262 0.0
17.6797 0.0 0.0355975 0.0
17.6875 0.0 0.035768 0.0
17.6953 0.0 0.0359375 0.0
17.7031 0.0 0.036106 0.0
17.7109 0.0 0.0362734 0.0
17.7188 0.0 0.0364398 0.0
17.7266 0.0 0.036605 0.0
17.7344 0.0 0.0367691 0.0
17.7422 0.0 0.036932 0.0
17.75 0.0 0.0370936 0.0
17.7578 0.0 0.0372539 0.0
17.7656 0.0 0.037413 0.0
17.7734 0.0 0.0375708 0.0
17.7812 0.0 0.0377272 0.0
17.7891 0.0 0.0378822 0.0
17.7969 0.0 0.0380359 0.0
17.8047 0.0 0.0381882 0.0
17.8125 0.0 0.0383391 0.0
17.8203 0.0 0.0384886 0.0
17.8281 0.0 0.0386367 0.0
17.8359 0.0 0.0387834 0.0
17.8438 0.0 0.0389287 0.0
17.8516 0.0 0.0390726 0.0
17.8594 0.0 0.0392151 0.0
17.8672 0.0 0.0393562 0.0
17.875 0.0 0.039496 0.0
17.8828 0.0 0.0396345 0.0
17.8906 0.0 0.0397716 0.0
17.8984 0.0 0.0399074 0.0
17.9062 0.0 0.0400419 0.0
17.9141 0.0 0.0401752 0.0
17.9219 0.0 0.0403073 0.0
17.9297 0.0 0.0404382 0.0
17.9375 0.0 0.0405679 0.0
17.9453 0.0 0.0406966 0.0
17.9531 0.0 0.0408241 0.0
17.9609 0.0 0.0409507 0.0
17.9688 0.0 0.0410762 0.0
17.9766 0.0 0.0412008 0.0
17.9844 0.0 0.0413245 0.0
17.9922 0.0 0.0414474 0.0
18 0.0 0.0415695 0.0
18.0078 0.0 0.0416908 0.0
18.0156 0.0 0.0418115 0.0
18.0234 0.0 0.0419316 0.0
18.0312 0.0 0.0420511 0.0
18.0391 0.0 0.0421701 0.0
18.0469 0.0 0.0422886 0.0
18.0547 0.0 0.0424068 0.0
18.0625 0.0 0.0425247 0.0
18.0703 0.0 0.0426423 0.0
18.0781 0.0 0.0427597 0.0
18.0859 0.0 0.0428771 0.0
18.0938 0.0 0.0429943 0.0
18.1016 0.0 0.0431116 0.0
18.1094 0.0 0.043229 0.0
18.1172 0.0 0.0433466 0.0
18.125 0.0 0.0434643 0.0
18.1328 0.0 0.0435824 0.0
18.1406 0.0 0.0437008 0.0
18.1484 0.0 0.0438196 0.0
18.1562 0.0 0.043939 0.0
18.1641 0.0 0.0440589 0.0
18.1719 0.0 0.0441795 0.0
18.1797 0.0 0.0443008 0.0
18.1875 0.0 0.0444228 0.0
18.1953 0.0 0.0445457 0.0
18.2031 0.0 0.0446695 0.0
18.2109 0.0 0.0447943 0.0
18.2188 0.0 0.0449201 0.0
18.2266 0.0 0.0450471 0.0
18.2344 0.0 0.0451752 0.0
18.2422 0.0 0.0453045 0.0
18.25 0.0 0.0454351 0.0
18.2578 0.0 0.0455671 0.0
18.2656 0.0 0.0457005 0.0
18.2734 0.0 0.0458353 0.0
18.2812 0.0 0.0459717 0.0
18.2891 0.0 0.0461097 0.0
18.2969 0.0 0.0462492 0.0
18.3047 0.0 0.0463905 0.0
18.3125 0.0 0.0465335 0.0
18.3203 0.0 0.0466782 0.0
18.3281 0.0 0.0468248 0.0
18.3359 0.0 0.0469732 0.0
18.3438 0.0 0.0471235 0.0
18.3516 0.0 0.0472758 0.0
18.3594 0.0 0.0474301 0.0
18.3672 0.0 0.0475863 0.0
18.375 0.0 0.0477446 0.0
18.3828 0.0 0.047905 0.0
18.3906 0.0 0.0480675 0.0
18.3984 0.0 0.0482321 0.0
18.4062 0.0 0.0483989 0.0
18.4141 0.0 0.0485679 0.0
18.4219 0.0 0.048739 0.0
18.4297 0.0 0.0489124 0.0
18.4375 0.0 0.049088 0.0
18.4453 0.0 0.0492658 0.0
18.4531 0.0 0.0494459 0.0
18.4609 0.0 0.0496283 0.0
18.4688 0.0 0.0498129 0.0
18.4766 0.0 0.0499998 0.0
18.4844 0.0 0.050189 0.0
18.4922 0.0 0.0503804 0.0
18.5 0.0 0.0505741 0.0
18.5078 0.0 0.0507701 0.0
18.5156 0.0 0.0509683 0.0
18.5234 0.0 0.0511688 0.0
18.5312 0.0 0.0513715 0.0
18.5391 0.0 0.0515765 0.0
18.5469 0.0 0.0517836 0.0
18.5547 0.0 0.051993 0.0
18.5625 0.0 0.0522045 0.0
18.5703 0.0 0.0524181 0.0
18.5781 0.0 0.0526339 0.0
18.5859 0.0 0.0528518 0.0
18.5938 0.0 0.0530717 0.0
18.6016 0.0 0.0532938 0.0
18.6094 0.0 0.0535178 0.0
18.6172 0.0 0.0537438 0.0
18.625 0.0 0.0539717 0.0
18.6328 0.0 0.0542016 0.0
18.6406 0.0 0.0544334 0.0
18.6484 0.0 0.054667 0.0
18.6562 0.0 0.0549024 0.0
18.6641 0.0 0.0551395 0.0
18.6719 0.0 0.0553784 0.0
18.6797 0.0 0.055619 0.0
18.6875 0.0 0.0558613 0.0
18.6953 0.0 0.0561051 0.0
18.7031 0.0 0.0563505 0.0
18.7109 0.0 0.0565973 0.0
18.7188 0.0 0.0568457 0.0
18.7266 0.0 0.0570955 0.0
18.7344 0.0 0.0573466 0.0
18.7422 0.0 0.0575991 0.0
18.75 0.0 0.0578528 0.0
18.7578 0.0 0.0581078 0.0
18.7656 0.0 0.058364 0.0
18.7734 0.0 0.0586213 0.0
18.7812 0.0 0.0588796 0.0
18.7891 0.0 0.059139 0.0
18.7969 0.0 0.0593995 0.0
18.8047 0.0 0.0596608 0.0
18.8125 0.0 0.0599231 0.0
18.8203 0.0 0.0601862 0.0
18.8281 0.0 0.0604501 0.0
18.8359 0.0 0.0607147 0.0
18.8438 0.0 0.0609801 0.0
18.8516 0.0 0.0612462 0.0
18.8594 0.0 0.0615128 0.0
18.8672 0.0 0.0617801 0.0
18.875 0.0 0.0620479 0.0
18.8828 0.0 0.0623162 0.0
18.8906 0.0 0.062585 0.0
18.8984 0.0 0.0628542 0.0
18.9062 0.0 0.0631237 0.0
18.9141 0.0 0.0633936 0.0
18.9219 0.0 0.0636639 0.0
18.9297 0.0 0.0639344 0.0
18.9375 0.0 0.0642051 0.0
18.9453 0.0 0.0644761 0.0
18.9531 0.0 0.0647472 0.0
18.9609 0.0 0.0650185 0.0
18.9688 0.0 0.0652899 0.0
18.9766 0.0 0.0655614 0.0
18.9844 0.0 0.065833 0.0
18.9922 0.0 0.0661047 0.0
19 0.0 0.0663764 0.0
19.0078 0.0 0.0666481 0.0
19.0156 0.0 0.0669198 0.0
19.0234 0.0 0.0671915 0.0
19.0312 0.0 0.0674631 0.0
19.0391 0.0 0.0677347 0.0
19.0469 0.0 0.0680063 0.0
19.0547 0.0 0.0682778 0.0
19.0625 0.0 0.0685492 0.0
19.0703 0.0 0.0688206 0.0
19.0781 0.0 0.0690918 0.0
19.0859 0.0 0.069363 0.0
19.0938 0.0 0.0696342 0.0
19.1016 0.0 0.0699052 0.0
19.1094 0.0 0.0701762 0.0
19.1172 0.0 0.0704471 0.0
19.125 0.0 0.070718 0.0
19.1328 0.0 0.0709888 0.0
19.1406 0.0 0.0712596 0.0
19.1484 0.0 0.0715303 0.0
19.1562 0.0 0.071801 0.0
19.1641 0.0 0.0720718 0.0
19.1719 0.0 0.0723426 0.0
19.1797 0.0 0.0726134 0.0
19.1875 0.0 0.0728843 0.0
19.1953 0.0 0.0731553 0.0
19.2031 0.0 0.0734264 0.0
19.2109 0.0 0.0736976 0.0
19.2188 0.0 0.073969 0.0
19.2266 0.0 0.0742407 0.0
19.2344 0.0 0.0745125 0.0
19.2422 0.0 0.0747846 0.0
19.25 0.0 0.075057 0.0
19.2578 0.0 0.0753297 0.0
19.2656 0.0 0.0756028 0.0
19.2734 0.0 0.0758762 0.0
19.2812 0.0 0.0761502 0.0
19.2891 0.0 0.0764245 0.0
19.2969 0.0 0.0766994 0.0
19.3047 0.0 0.0769749 0.0
19.3125 0.0 0.0772509 0.0
19.3203 0.0 0.0775276 0.0
19.3281 0.0 0.077805 0.0
19.3359 0.0 0.0780831 0.0
19.3438 0.0 0.078362 0.0
19.3516 0.0 0.0786416 0.0
19.3594 0.0 0.0789222 0.0
19.3672 0.0 0.0792036 0.0
19.375 0.0 0.079486 0.0
19.3828 0.0 0.0797694 0.0
19.3906 0.0 0.0800538 0.0
19.3984 0.0 0.0803393 0.0
19.4062 0.0 0.080626 0.0
19.4141 0.0 0.0809138 0.0
19.4219 0.0 0.0812029 0.0
19.4297 0.0 0.0814932 0.0
19.4375 0.0 0.0817849 0.0
19.4453 0.0 0.082078 0.0
19.4531 0.0 0.0823724 0.0
19.4609 0.0 0.0826684 0.0
19.4688 0.0 0.0829658 0.0
19.4766 0.0 0.0832648 0.0
19.4844 0.0 0.0835654 0.0
19.4922 0.0 0.0838677 0.0
19.5 0.0 0.0841716 0.0
19.5078 0.0 0.0844773 0.0
19.5156 0.0 0.0847848 0.0
19.5234 0.0 0.0850941 0.0
19.5312 0.0 0.0854052 0.0
19.5391 0.0 0.0857183 0.0
19.5469 0.0 0.0860333 0.0
19.5547 0.0 0.0863503 0.0
19.5625 0.0 0.0866693 0.0
19.5703 0.0 0.0869903 0.0
19.5781 0.0 0.0873135 0.0
19.5859 0.0 0.0876388 0.0
19.5938 0.0 0.0879662 0.0
19.6016 0.0 0.0882958 0.0
19.6094 0.0 0.0886277 0.0
19.6172 0.0 0.0889618 0.0
19.625 0.0 0.0892982 0.0
19.6328 0.0 0.089637 0.0
19.6406 0.0 0.089978 0.0
19.6484 0.0 0.0903214 0.0
19.6562 0.0 0.0906673 0.0
19.6641 0.0 0.0910155 0.0
19.6719 0.0 0.0913662 0.0
19.6797 0.0 0.0917193 0.0
19.6875 0.0 0.0920749 0.0
19.6953 0.0 0.092433 0.0
19.7031 0.0 0.0927937 0.0
19.7109 0.0 0.0931568 0.0
19.7188 0.0 0.0935225 0.0
19.7266 0.0 0.0938907 0.0
19.7344 0.0 0.0942615 0.0
19.7422 0.0 0.0946348 0.0
19.75 0.0 0.0950108 0.0
19.7578 0.0 0.0953893 0.0
19.7656 0.0 0.0957704 0.0
19.7734 0.0 0.0961541 0.0
19.7812 0.0 0.0965405 0.0
19.7891 0.0 0.0969294 0.0
19.7969 0.0 0.0973209 0.0
19.8047 0.0 0.097715 0.0
19.8125 0.0 0.0981117 0.0
19.8203 0.0 0.098511 0.0
19.8281 0.0 0.0989129 0.0
19.8359 0.0 0.0993174 0.0
19.8438 0.0 0.0997244 0.0
19.8516 0.0 0.100134 0.0
19.8594 0.0 0.100546 0.0
19.8672 0.0 0.100961 0.0
19.875 0.0 0.101378 0.0
19.8828 0.0 0.101798 0.0
19.8906 0.0 0.10222 0.0
19.8984 0.0 0.102645 0.0
19.9062 0.0 0.103072 0.0
19.9141 0.0 0.103502 0.0
19.9219 0.0 0.103934 0.0
19.9297 0.0 0.104369 0.0
19.9375 0.0 0.104806 0.0
19.9453 0.0 0.105246 0.0
19.9531 0.0 0.105688 0.0
19.9609 0.0 0.106132 0.0
19.9688 0.0 0.106578 0.0
19.9766 0.0 0.107027 0.0
19.9844 0.0 0.107478 0.0
19.9922 0.0 0.107932 0.0
20 0.0 0.224787 0.0
