-1 0.0 1.7716 0.0
-0.992188 0.0 1.72817 0.0
-0.984375 0.0 1.68529 0.0
-0.976562 0.0 1.64295 0.0
-0.96875 0.0 1.60116 0.0
-0.960938 0.0 1.5599 0.0
-0.953125 0.0 1.51916 0.0
-0.945312 0.0 1.47894 0.0
-0.9375 0.0 1.43924 0.0
-0.929688 0.0 1.40003 0.0
-0.921875 0.0 1.36133 0.0
-0.914062 0.0 1.32312 0.0
-0.90625 0.0 1.2854 0.0
-0.898438 0.0 1.24816 0.0
-0.890625 0.0 1.21139 0.0
-0.882812 0.0 1.17509 0.0
-0.875 0.0 1.13925 0.0
-0.867188 0.0 1.10387 0.0
-0.859375 0.0 1.06894 0.0
-0.851562 0.0 1.03445 0.0
-0.84375 0.0 1.0004 0.0
-0.835938 0.0 0.966788 0.0
-0.828125 0.0 0.933602 0.0
-0.820312 0.0 0.900838 0.0
-0.8125 0.0 0.868491 0.0
-0.804688 0.0 0.836556 0.0
-0.796875 0.0 0.805028 0.0
-0.789062 0.0 0.7739 0.0
-0.78125 0.0 0.74317 0.0
-0.773438 0.0 0.71283 0.0
-0.765625 0.0 0.682877 0.0
-0.757812 0.0 0.653305 0.0
-0.75 0.0 0.624109 0.0
-0.742188 0.0 0.595285 0.0
-0.734375 0.0 0.566828 0.0
-0.726562 0.0 0.538734 0.0
-0.71875 0.0 0.510997 0.0
-0.710938 0.0 0.483613 0.0
-0.703125 0.0 0.456578 0.0
-0.695312 0.0 0.429887 0.0
-0.6875 0.0 0.403535 0.0
-0.679688 0.0 0.37752 0.0
-0.671875 0.0 0.351835 0.0
-0.664062 0.0 0.326478 0.0
-0.65625 0.0 0.301443 0.0
-0.648438 0.0 0.276727 0.0
-0.640625 0.0 0.252325 0.0
-0.632812 0.0 0.228235 0.0
-0.625 0.0 0.20445 0.0
-0.617188 0.0 0.180969 0.0
-0.609375 0.0 0.157787 0.0
-0.601562 0.0 0.1349 0.0
-0.59375 0.0 0.112304 0.0
-0.585938 0.0 0.0899956 0.0
-0.578125 0.0 0.0679715 0.0
-0.570312 0.0 0.0462277 0.0
-0.5625 0.0 0.0247607 0.0
-0.554688 0.0 0.00356702 0.0
-0.546875 0.0 -0.0173569 0.0
-0.539062 0.0 -0.0380144 0.0
-0.53125 0.0 -0.0584089 0.0
-0.523438 0.0 -0.0785437 0.0
-0.515625 0.0 -0.0984223 0.0
-0.507812 0.0 -0.118048 0.0
-0.5 0.0 -0.137423 0.0
-0.492188 0.0 -0.156552 0.0
-0.484375 0.0 -0.175438 0.0
-0.476562 0.0 -0.194083 0.0
-0.46875 0.0 -0.21249 0.0
-0.460938 0.0 -0.230664 0.0
-0.453125 0.0 -0.248606 0.0
-0.445312 0.0 -0.266319 0.0
-0.4375 0.0 -0.283807 0.0
-0.429688 0.0 -0.301073 0.0
-0.421875 0.0 -0.318118 0.0
-0.414062 0.0 -0.334947 0.0
-0.40625 0.0 -0.351561 0.0
-0.398438 0.0 -0.367964 0.0
-0.390625 0.0 -0.384158 0.0
-0.382812 0.0 -0.400146 0.0
-0.375 0.0 -0.41593 0.0
-0.367188 0.0 -0.431513 0.0
-0.359375 0.0 -0.446898 0.0
-0.351562 0.0 -0.462087 0.0
-0.34375 0.0 -0.477083 0.0
-0.335938 0.0 -0.491888 0.0
-0.328125 0.0 -0.506504 0.0
-0.320312 0.0 -0.520935 0.0
-0.3125 0.0 -0.535181 0.0
-0.304688 0.0 -0.549246 0.0
-0.296875 0.0 -0.563132 0.0
-0.289062 0.0 -0.576842 0.0
-0.28125 0.0 -0.590377 0.0
-0.273438 0.0 -0.603739 0.0
-0.265625 0.0 -0.616932 0.0
-0.257812 0.0 -0.629956 0.0
-0.25 0.0 -0.642815 0.0
-0.242188 0.0 -0.65551 0.0
-0.234375 0.0 -0.668043 0.0
-0.226562 0.0 -0.680417 0.0
-0.21875 0.0 -0.692633 0.0
-0.210938 0.0 -0.704694 0.0
-0.203125 0.0 -0.716601 0.0
-0.195312 0.0 -0.728356 0.0
-0.1875 0.0 -0.739962 0.0
-0.179688 0.0 -0.75142 0.0
-0.171875 0.0 -0.762733 0.0
-0.164062 0.0 -0.773901 0.0
-0.15625 0.0 -0.784927 0.0
-0.148438 0.0 -0.795813 0.0
-0.140625 0.0 -0.80656 0.0
-0.132812 0.0 -0.81717 0.0
-0.125 0.0 -0.827646 0.0
-0.117188 0.0 -0.837988 0.0
-0.109375 0.0 -0.848198 0.0
-0.101562 0.0 -0.858278 0.0
-0.09375 0.0 -0.86823 0.0
-0.0859375 0.0 -0.878055 0.0
-0.078125 0.0 -0.887755 0.0
-0.0703125 0.0 -0.897332 0.0
-0.0625 0.0 -0.906787 0.0
-0.0546875 0.0 -0.916121 0.0
-0.046875 0.0 -0.925337 0.0
-0.0390625 0.0 -0.934435 0.0
-0.03125 0.0 -0.943417 0.0
-0.0234375 0.0 -0.952285 0.0
-0.015625 0.0 -0.96104 0.0
-0.0078125 0.0 -0.969684 0.0
0 0.0 -0.978218 0.0
0.0078125 0.0 -0.897443 0.0
0.015625 0.0 -0.819954 0.0
0.0234375 0.0 -0.74565 0.0
0.03125 0.0 -0.674437 0.0
0.0390625 0.0 -0.60622 0.0
0.046875 0.0 -0.540908 0.0
0.0546875 0.0 -0.478413 0.0
0.0625 0.0 -0.418648 0.0
0.0703125 0.0 -0.361531 0.0
0.078125 0.0 -0.306979 0.0
0.0859375 0.0 -0.254913 0.0
0.09375 0.0 -0.205257 0.0
0.101562 0.0 -0.157936 0.0
0.109375 0.0 -0.112876 0.0
0.117188 0.0 -0.0700073 0.0
0.125 0.0 -0.0292607 0.0
0.132812 0.0 0.00943069 0.0
0.140625 0.0 0.0461318 0.0
0.148438 0.0 0.0809059 0.0
0.15625 0.0 0.113814 0.0
0.164062 0.0 0.144917 0.0
0.171875 0.0 0.174272 0.0
0.179688 0.0 0.201936 0.0
0.1875 0.0 0.227964 0.0
0.195312 0.0 0.252408 0.0
0.203125 0.0 0.275321 0.0
0.210938 0.0 0.296753 0.0
0.21875 0.0 0.316753 0.0
0.226562 0.0 0.335369 0.0
0.234375 0.0 0.352647 0.0
0.242188 0.0 0.368631 0.0
0.25 0.0 0.383365 0.0
0.257812 0.0 0.396893 0.0
0.265625 0.0 0.409254 0.0
0.273438 0.0 0.420489 0.0
0.28125 0.0 0.430637 0.0
0.289062 0.0 0.439735 0.0
0.296875 0.0 0.44782 0.0
0.304688 0.0 0.454928 0.0
0.3125 0.0 0.461093 0.0
0.320312 0.0 0.466349 0.0
0.328125 0.0 0.470728 0.0
0.335938 0.0 0.474263 0.0
0.34375 0.0 0.476983 0.0
0.351562 0.0 0.478919 0.0
0.359375 0.0 0.480099 0.0
0.367188 0.0 0.480552 0.0
0.375 0.0 0.480305 0.0
0.382812 0.0 0.479384 0.0
0.390625 0.0 0.477815 0.0
0.398438 0.0 0.475624 0.0
0.40625 0.0 0.472833 0.0
0.414062 0.0 0.469468 0.0
0.421875 0.0 0.46555 0.0
0.429688 0.0 0.461101 0.0
0.4375 0.0 0.456143 0.0
0.445312 0.0 0.450698 0.0
0.453125 0.0 0.444784 0.0
0.460938 0.0 0.438422 0.0
0.46875 0.0 0.43163 0.0
0.476562 0.0 0.424427 0.0
0.484375 0.0 0.416831 0.0
0.492188 0.0 0.408859 0.0
0.5 0.0 0.400527 0.0
0.507812 0.0 0.391853 0.0
0.515625 0.0 0.382851 0.0
0.523438 0.0 0.373537 0.0
0.53125 0.0 0.363926 0.0
0.539062 0.0 0.354031 0.0
0.546875 0.0 0.343868 0.0
0.554688 0.0 0.333449 0.0
0.5625 0.0 0.322787 0.0
0.570312 0.0 0.311895 0.0
0.578125 0.0 0.300785 0.0
0.585938 0.0 0.289469 0.0
0.59375 0.0 0.277958 0.0
0.601562 0.0 0.266263 0.0
0.609375 0.0 0.254396 0.0
0.617188 0.0 0.242366 0.0
0.625 0.0 0.230183 0.0
0.632812 0.0 0.217857 0.0
0.640625 0.0 0.205398 0.0
0.648438 0.0 0.192814 0.0
0.65625 0.0 0.180114 0.0
0.664062 0.0 0.167307 0.0
0.671875 0.0 0.154401 0.0
0.679688 0.0 0.141403 0.0
0.6875 0.0 0.128322 0.0
0.695312 0.0 0.115165 0.0
0.703125 0.0 0.101938 0.0
0.710938 0.0 0.0886492 0.0
0.71875 0.0 0.0753047 0.0
0.726562 0.0 0.0619108 0.0
0.734375 0.0 0.0484739 0.0
0.742188 0.0 0.0349999 0.0
0.75 0.0 0.0214944 0.0
0.757812 0.0 0.00796304 0.0
0.765625 0.0 -0.00558884 0.0
0.773438 0.0 -0.0191561 0.0
0.78125 0.0 -0.0327338 0.0
0.789062 0.0 -0.0463172 0.0
0.796875 0.0 -0.0599017 0.0
0.804688 0.0 -0.0734829 0.0
0.8125 0.0 -0.0870565 0.0
0.820312 0.0 -0.100618 0.0
0.828125 0.0 -0.114165 0.0
0.835938 0.0 -0.127692 0.0
0.84375 0.0 -0.141196 0.0
0.851562 0.0 -0.154673 0.0
0.859375 0.0 -0.168121 0.0
0.867188 0.0 -0.181536 0.0
0.875 0.0 -0.194914 0.0
0.882812 0.0 -0.208254 0.0
0.890625 0.0 -0.221551 0.0
0.898438 0.0 -0.234805 0.0
0.90625 0.0 -0.24801 0.0
0.914062 0.0 -0.261167 0.0
0.921875 0.0 -0.274271 0.0
0.929688 0.0 -0.287321 0.0
0.9375 0.0 -0.300315 0.0
0.945312 0.0 -0.31325 0.0
0.953125 0.0 -0.326125 0.0
0.960938 0.0 -0.338937 0.0
0.96875 0.0 -0.351685 0.0
0.976562 0.0 -0.364368 0.0
0.984375 0.0 -0.376983 0.0
0.992188 0.0 -0.389529 0.0
1 0.0 -0.402005 0.0
1.00781 0.0 -0.41393 0.0
1.01562 0.0 -0.424792 0.0
1.02344 0.0 -0.434551 0.0
1.03125 0.0 -0.443176 0.0
1.03906 0.0 -0.450647 0.0
1.04688 0.0 -0.456952 0.0
1.05469 0.0 -0.462087 0.0
1.0625 0.0 -0.466055 0.0
1.07031 0.0 -0.468866 0.0
1.07812 0.0 -0.470533 0.0
1.08594 0.0 -0.471076 0.0
1.09375 0.0 -0.470519 0.0
1.10156 0.0 -0.46889 0.0
1.10938 0.0 -0.466219 0.0
1.11719 0.0 -0.46254 0.0
1.125 0.0 -0.45789 0.0
1.13281 0.0 -0.452306 0.0
1.14062 0.0 -0.445828 0.0
1.14844 0.0 -0.438498 0.0
1.15625 0.0 -0.430357 0.0
1.16406 0.0 -0.421449 0.0
1.17188 0.0 -0.411817 0.0
1.17969 0.0 -0.401505 0.0
1.1875 0.0 -0.390557 0.0
1.19531 0.0 -0.379016 0.0
1.20312 0.0 -0.366928 0.0
1.21094 0.0 -0.354334 0.0
1.21875 0.0 -0.341277 0.0
1.22656 0.0 -0.327801 0.0
1.23438 0.0 -0.313946 0.0
1.24219 0.0 -0.299753 0.0
1.25 0.0 -0.285263 0.0
1.25781 0.0 -0.270513 0.0
1.26562 0.0 -0.255541 0.0
1.27344 0.0 -0.240385 0.0
1.28125 0.0 -0.22508 0.0
1.28906 0.0 -0.209661 0.0
1.29688 0.0 -0.194161 0.0
1.30469 0.0 -0.178612 0.0
1.3125 0.0 -0.163045 0.0
1.32031 0.0 -0.147491 0.0
1.32812 0.0 -0.131977 0.0
1.33594 0.0 -0.11653 0.0
1.34375 0.0 -0.101179 0.0
1.35156 0.0 -0.0859456 0.0
1.35938 0.0 -0.0708555 0.0
1.36719 0.0 -0.0559307 0.0
1.375 0.0 -0.0411927 0.0
1.38281 0.0 -0.0266615 0.0
1.39062 0.0 -0.0123564 0.0
1.39844 0.0 0.00170463 0.0
1.40625 0.0 0.0155048 0.0
1.41406 0.0 0.0290282 0.0
1.42188 0.0 0.0422602 0.0
1.42969 0.0 0.0551868 0.0
1.4375 0.0 0.0677954 0.0
1.44531 0.0 0.0800742 0.0
1.45312 0.0 0.0920122 0.0
1.46094 0.0 0.103599 0.0
1.46875 0.0 0.114827 0.0
1.47656 0.0 0.125686 0.0
1.48438 0.0 0.13617 0.0
1.49219 0.0 0.146272 0.0
1.5 0.0 0.155986 0.0
1.50781 0.0 0.165307 0.0
1.51562 0.0 0.174231 0.0
1.52344 0.0 0.182753 0.0
1.53125 0.0 0.190871 0.0
1.53906 0.0 0.198582 0.0
1.54688 0.0 0.205884 0.0
1.55469 0.0 0.212776 0.0
1.5625 0.0 0.219258 0.0
1.57031 0.0 0.225329 0.0
1.57812 0.0 0.230989 0.0
1.58594 0.0 0.236239 0.0
1.59375 0.0 0.24108 0.0
1.60156 0.0 0.245514 0.0
1.60938 0.0 0.249543 0.0
1.61719 0.0 0.25317 0.0
1.625 0.0 0.256396 0.0
1.63281 0.0 0.259225 0.0
1.64062 0.0 0.261661 0.0
1.64844 0.0 0.263707 0.0
1.65625 0.0 0.265368 0.0
1.66406 0.0 0.266646 0.0
1.67188 0.0 0.267548 0.0
1.67969 0.0 0.268078 0.0
1.6875 0.0 0.26824 0.0
1.69531 0.0 0.26804 0.0
1.70312 0.0 0.267482 0.0
1.71094 0.0 0.266574 0.0
1.71875 0.0 0.265319 0.0
1.72656 0.0 0.263725 0.0
1.73438 0.0 0.261796 0.0
1.74219 0.0 0.259539 0.0
1.75 0.0 0.256961 0.0
1.75781 0.0 0.254066 0.0
1.76562 0.0 0.250861 0.0
1.77344 0.0 0.247354 0.0
1.78125 0.0 0.243549 0.0
1.78906 0.0 0.239454 0.0
1.79688 0.0 0.235075 0.0
1.80469 0.0 0.230418 0.0
1.8125 0.0 0.225491 0.0
1.82031 0.0 0.220299 0.0
1.82812 0.0 0.214849 0.0
1.83594 0.0 0.209149 0.0
1.84375 0.0 0.203203 0.0
1.85156 0.0 0.197019 0.0
1.85938 0.0 0.190603 0.0
1.86719 0.0 0.183962 0.0
1.875 0.0 0.177102 0.0
1.88281 0.0 0.17003 0.0
1.89062 0.0 0.162752 0.0
1.89844 0.0 0.155274 0.0
1.90625 0.0 0.147603 0.0
1.91406 0.0 0.139745 0.0
1.92188 0.0 0.131705 0.0
1.92969 0.0 0.123491 0.0
1.9375 0.0 0.115107 0.0
1.94531 0.0 0.106561 0.0
1.95312 0.0 0.0978579 0.0
1.96094 0.0 0.0890034 0.0
1.96875 0.0 0.0800035 0.0
1.97656 0.0 0.0708639 0.0
1.98438 0.0 0.0615901 0.0
1.99219 0.0 0.0521877 0.0
2 0.0 0.042662 0.0
2.00781 0.0 0.0330216 0.0
2.01562 0.0 0.023287 0.0
2.02344 0.0 0.0134816 0.0
2.03125 0.0 0.00362907 0.0
2.03906 0.0 -0.00624765 0.0
2.04688 0.0 -0.0161258 0.0
2.05469 0.0 -0.0259833 0.0
2.0625 0.0 -0.0357986 0.0
2.07031 0.0 -0.0455506 0.0
2.07812 0.0 -0.0552191 0.0
2.08594 0.0 -0.0647846 0.0
2.09375 0.0 -0.0742281 0.0
2.10156 0.0 -0.0835315 0.0
2.10938 0.0 -0.0926772 0.0
2.11719 0.0 -0.101649 0.0
2.125 0.0 -0.11043 0.0
2.13281 0.0 -0.119005 0.0
2.14062 0.0 -0.127359 0.0
2.14844 0.0 -0.13548 0.0
2.15625 0.0 -0.143352 0.0
2.16406 0.0 -0.150964 0.0
2.17188 0.0 -0.158304 0.0
2.17969 0.0 -0.16536 0.0
2.1875 0.0 -0.172121 0.0
2.19531 0.0 -0.178578 0.0
2.20312 0.0 -0.184722 0.0
2.21094 0.0 -0.190544 0.0
2.21875 0.0 -0.196035 0.0
2.22656 0.0 -0.201188 0.0
2.23438 0.0 -0.205998 0.0
2.24219 0.0 -0.210458 0.0
2.25 0.0 -0.214562 0.0
2.25781 0.0 -0.218306 0.0
2.26562 0.0 -0.221687 0.0
2.27344 0.0 -0.224701 0.0
2.28125 0.0 -0.227345 0.0
2.28906 0.0 -0.229618 0.0
2.29688 0.0 -0.231519 0.0
2.30469 0.0 -0.233047 0.0
2.3125 0.0 -0.234203 0.0
2.32031 0.0 -0.234987 0.0
2.32812 0.0 -0.235401 0.0
2.33594 0.0 -0.235447 0.0
2.34375 0.0 -0.235129 0.0
2.35156 0.0 -0.234449 0.0
2.35938 0.0 -0.233412 0.0
2.36719 0.0 -0.232022 0.0
2.375 0.0 -0.230286 0.0
2.38281 0.0 -0.228208 0.0
2.39062 0.0 -0.225795 0.0
2.39844 0.0 -0.223055 0.0
2.40625 0.0 -0.219995 0.0
2.41406 0.0 -0.216622 0.0
2.42188 0.0 -0.212946 0.0
2.42969 0.0 -0.208975 0.0
2.4375 0.0 -0.204718 0.0
2.44531 0.0 -0.200186 0.0
2.45312 0.0 -0.195388 0.0
2.46094 0.0 -0.190335 0.0
2.46875 0.0 -0.185037 0.0
2.47656 0.0 -0.179506 0.0
2.48438 0.0 -0.173753 0.0
2.49219 0.0 -0.167789 0.0
2.5 0.0 -0.161626 0.0
2.50781 0.0 -0.155277 0.0
2.51562 0.0 -0.148752 0.0
2.52344 0.0 -0.142065 0.0
2.53125 0.0 -0.135228 0.0
2.53906 0.0 -0.128253 0.0
2.54688 0.0 -0.121152 0.0
2.55469 0.0 -0.113939 0.0
2.5625 0.0 -0.106625 0.0
2.57031 0.0 -0.0992225 0.0
2.57812 0.0 -0.0917448 0.0
2.58594 0.0 -0.0842038 0.0
2.59375 0.0 -0.0766119 0.0
2.60156 0.0 -0.0689812 0.0
2.60938 0.0 -0.0613238 0.0
2.61719 0.0 -0.0536516 0.0
2.625 0.0 -0.0459765 0.0
2.63281 0.0 -0.0383099 0.0
2.64062 0.0 -0.0306633 0.0
2.64844 0.0 -0.0230479 0.0
2.65625 0.0 -0.0154747 0.0
2.66406 0.0 -0.00795451 0.0
2.67188 0.0 -0.000497784 0.0
2.67969 0.0 0.00688518 0.0
2.6875 0.0 0.0141844 0.0
2.69531 0.0 0.02139 0.0
2.70312 0.0 0.0284927 0.0
2.71094 0.0 0.0354833 0.0
2.71875 0.0 0.0423528 0.0
2.72656 0.0 0.0490927 0.0
2.73438 0.0 0.0556948 0.0
2.74219 0.0 0.0621509 0.0
2.75 0.0 0.0684535 0.0
2.75781 0.0 0.0745953 0.0
2.76562 0.0 0.0805692 0.0
2.77344 0.0 0.0863685 0.0
2.78125 0.0 0.0919868 0.0
2.78906 0.0 0.0974181 0.0
2.79688 0.0 0.102657 0.0
2.80469 0.0 0.107697 0.0
2.8125 0.0 0.112534 0.0
2.82031 0.0 0.117162 0.0
2.82812 0.0 0.121579 0.0
2.83594 0.0 0.125778 0.0
2.84375 0.0 0.129757 0.0
2.85156 0.0 0.133511 0.0
2.85938 0.0 0.137038 0.0
2.86719 0.0 0.140335 0.0
2.875 0.0 0.143398 0.0
2.88281 0.0 0.146226 0.0
2.89062 0.0 0.148816 0.0
2.89844 0.0 0.151167 0.0
2.90625 0.0 0.153276 0.0
2.91406 0.0 0.155144 0.0
2.92188 0.0 0.156768 0.0
2.92969 0.0 0.158147 0.0
2.9375 0.0 0.159282 0.0
2.94531 0.0 0.160172 0.0
2.95312 0.0 0.160816 0.0
2.96094 0.0 0.161216 0.0
2.96875 0.0 0.161371 0.0
2.97656 0.0 0.161281 0.0
2.98438 0.0 0.160948 0.0
2.99219 0.0 0.160373 0.0
3 0.0 0.159556 0.0
3.00781 0.0 0.1585 0.0
3.01562 0.0 0.157205 0.0
3.02344 0.0 0.155674 0.0
3.03125 0.0 0.153911 0.0
3.03906 0.0 0.151918 0.0
3.04688 0.0 0.1497 0.0
3.05469 0.0 0.147261 0.0
3.0625 0.0 0.144607 0.0
3.07031 0.0 0.141743 0.0
3.07812 0.0 0.138675 0.0
3.08594 0.0 0.135409 0.0
3.09375 0.0 0.131952 0.0
3.10156 0.0 0.128312 0.0
3.10938 0.0 0.124495 0.0
3.11719 0.0 0.120509 0.0
3.125 0.0 0.116361 0.0
3.13281 0.0 0.112061 0.0
3.14062 0.0 0.107615 0.0
3.14844 0.0 0.103032 0.0
3.15625 0.0 0.098321 0.0
3.16406 0.0 0.0934899 0.0
3.17188 0.0 0.0885474 0.0
3.17969 0.0 0.0835022 0.0
3.1875 0.0 0.0783631 0.0
3.19531 0.0 0.0731388 0.0
3.20312 0.0 0.067838 0.0
3.21094 0.0 0.0624695 0.0
3.21875 0.0 0.0570421 0.0
3.22656 0.0 0.0515644 0.0
3.23438 0.0 0.0460452 0.0
3.24219 0.0 0.040493 0.0
3.25 0.0 0.0349165 0.0
3.25781 0.0 0.0293241 0.0
3.26562 0.0 0.0237243 0.0
3.27344 0.0 0.0181254 0.0
3.28125 0.0 0.0125356 0.0
3.28906 0.0 0.00696299 0.0
3.29688 0.0 0.00141566 0.0
3.30469 0.0 -0.00409852 0.0
3.3125 0.0 -0.00957181 0.0
3.32031 0.0 -0.0149966 0.0
3.32812 0.0 -0.0203653 0.0
3.33594 0.0 -0.0256708 0.0
3.34375 0.0 -0.0309057 0.0
3.35156 0.0 -0.036063 0.0
3.35938 0.0 -0.0411359 0.0
3.36719 0.0 -0.0461178 0.0
3.375 0.0 -0.051002 0.0
3.38281 0.0 -0.0557823 0.0
3.39062 0.0 -0.0604525 0.0
3.39844 0.0 -0.0650066 0.0
3.40625 0.0 -0.069439 0.0
3.41406 0.0 -0.073744 0.0
3.42188 0.0 -0.0779162 0.0
3.42969 0.0 -0.0819506 0.0
3.4375 0.0 -0.0858423 0.0
3.44531 0.0 -0.0895864 0.0
3.45312 0.0 -0.0931785 0.0
3.46094 0.0 -0.0966144 0.0
3.46875 0.0 -0.0998901 0.0
3.47656 0.0 -0.103002 0.0
3.48438 0.0 -0.105946 0.0
3.49219 0.0 -0.108719 0.0
3.5 0.0 -0.111318 0.0
3.50781 0.0 -0.113741 0.0
3.51562 0.0 -0.115984 0.0
3.52344 0.0 -0.118046 0.0
3.53125 0.0 -0.119924 0.0
3.53906 0.0 -0.121617 0.0
3.54688 0.0 -0.123123 0.0
3.55469 0.0 -0.124441 0.0
3.5625 0.0 -0.12557 0.0
3.57031 0.0 -0.12651 0.0
3.57812 0.0 -0.12726 0.0
3.58594 0.0 -0.127819 0.0
3.59375 0.0 -0.128189 0.0
3.60156 0.0 -0.128369 0.0
3.60938 0.0 -0.128361 0.0
3.61719 0.0 -0.128165 0.0
3.625 0.0 -0.127782 0.0
3.63281 0.0 -0.127214 0.0
3.64062 0.0 -0.126463 0.0
3.64844 0.0 -0.125531 0.0
3.65625 0.0 -0.12442 0.0
3.66406 0.0 -0.123133 0.0
3.67188 0.0 -0.121672 0.0
3.67969 0.0 -0.120042 0.0
3.6875 0.0 -0.118244 0.0
3.69531 0.0 -0.116283 0.0
3.70312 0.0 -0.114162 0.0
3.71094 0.0 -0.111886 0.0
3.71875 0.0 -0.109458 0.0
3.72656 0.0 -0.106884 0.0
3.73438 0.0 -0.104167 0.0
3.74219 0.0 -0.101313 0.0
3.75 0.0 -0.0983273 0.0
3.75781 0.0 -0.0952141 0.0
3.76562 0.0 -0.0919793 0.0
3.77344 0.0 -0.0886284 0.0
3.78125 0.0 -0.0851672 0.0
3.78906 0.0 -0.0816014 0.0
3.79688 0.0 -0.0779372 0.0
3.80469 0.0 -0.0741806 0.0
3.8125 0.0 -0.0703377 0.0
3.82031 0.0 -0.0664151 0.0
3.82812 0.0 -0.0624189 0.0
3.83594 0.0 -0.0583559 0.0
3.84375 0.0 -0.0542325 0.0
3.85156 0.0 -0.0500553 0.0
3.85938 0.0 -0.0458311 0.0
3.86719 0.0 -0.0415665 0.0
3.875 0.0 -0.0372683 0.0
3.88281 0.0 -0.0329433 0.0
3.89062 0.0 -0.0285982 0.0
3.89844 0.0 -0.0242399 0.0
3.90625 0.0 -0.019875 0.0
3.91406 0.0 -0.0155103 0.0
3.92188 0.0 -0.0111526 0.0
3.92969 0.0 -0.00680839 0.0
3.9375 0.0 -0.00248445 0.0
3.94531 0.0 0.00181272 0.0
3.95312 0.0 0.00607662 0.0
3.96094 0.0 0.0103008 0.0
3.96875 0.0 0.014479 0.0
3.97656 0.0 0.0186049 0.0
3.98438 0.0 0.0226723 0.0
3.99219 0.0 0.0266752 0.0
4 0.0 0.0306078 0.0
4.00781 0.0 0.034464 0.0
4.01562 0.0 0.0382384 0.0
4.02344 0.0 0.0419253 0.0
4.03125 0.0 0.0455193 0.0
4.03906 0.0 0.0490152 0.0
4.04688 0.0 0.052408 0.0
4.05469 0.0 0.0556929 0.0
4.0625 0.0 0.0588653 0.0
4.07031 0.0 0.0619209 0.0
4.07812 0.0 0.0648555 0.0
4.08594 0.0 0.0676653 0.0
4.09375 0.0 0.0703466 0.0
4.10156 0.0 0.0728962 0.0
4.10938 0.0 0.0753109 0.0
4.11719 0.0 0.077588 0.0
4.125 0.0 0.0797249 0.0
4.13281 0.0 0.0817194 0.0
4.14062 0.0 0.0835696 0.0
4.14844 0.0 0.0852737 0.0
4.15625 0.0 0.0868303 0.0
4.16406 0.0 0.0882383 0.0
4.17188 0.0 0.0894969 0.0
4.17969 0.0 0.0906054 0.0
4.1875 0.0 0.0915635 0.0
4.19531 0.0 0.0923711 0.0
4.20312 0.0 0.0930285 0.0
4.21094 0.0 0.0935361 0.0
4.21875 0.0 0.0938945 0.0
4.22656 0.0 0.0941046 0.0
4.23438 0.0 0.0941677 0.0
4.24219 0.0 0.094085 0.0
4.25 0.0 0.0938582 0.0
4.25781 0.0 0.093489 0.0
4.26562 0.0 0.0929795 0.0
4.27344 0.0 0.0923319 0.0
4.28125 0.0 0.0915484 0.0
4.28906 0.0 0.0906317 0.0
4.29688 0.0 0.0895845 0.0
4.30469 0.0 0.0884097 0.0
4.3125 0.0 0.0871103 0.0
4.32031 0.0 0.0856894 0.0
4.32812 0.0 0.0841505 0.0
4.33594 0.0 0.082497 0.0
4.34375 0.0 0.0807324 0.0
4.35156 0.0 0.0788605 0.0
4.35938 0.0 0.076885 0.0
4.36719 0.0 0.0748099 0.0
4.375 0.0 0.072639 0.0
4.38281 0.0 0.0703766 0.0
4.39062 0.0 0.0680268 0.0
4.39844 0.0 0.0655938 0.0
4.40625 0.0 0.0630819 0.0
4.41406 0.0 0.0604954 0.0
4.42188 0.0 0.0578387 0.0
4.42969 0.0 0.0551164 0.0
4.4375 0.0 0.0523328 0.0
4.44531 0.0 0.0494926 0.0
4.45312 0.0 0.0466002 0.0
4.46094 0.0 0.0436603 0.0
4.46875 0.0 0.0406773 0.0
4.47656 0.0 0.037656 0.0
4.48438 0.0 0.0346008 0.0
4.49219 0.0 0.0315165 0.0
4.5 0.0 0.0284076 0.0
4.50781 0.0 0.0252787 0.0
4.51562 0.0 0.0221343 0.0
4.52344 0.0 0.018979 0.0
4.53125 0.0 0.0158174 0.0
4.53906 0.0 0.0126538 0.0
4.54688 0.0 0.00949282 0.0
4.55469 0.0 0.00633883 0.0
4.5625 0.0 0.0031962 0.0
4.57031 0.0 6.92522e-05 0.0
4.57812 0.0 -0.00303773 0.0
4.58594 0.0 -0.00612053 0.0
4.59375 0.0 -0.00917498 0.0
4.60156 0.0 -0.012197 0.0
4.60938 0.0 -0.0151826 0.0
4.61719 0.0 -0.0181277 0.0
4.625 0.0 -0.0210285 0.0
4.63281 0.0 -0.0238813 0.0
4.64062 0.0 -0.0266822 0.0
4.64844 0.0 -0.0294277 0.0
4.65625 0.0 -0.0321142 0.0
4.66406 0.0 -0.0347383 0.0
4.67188 0.0 -0.0372966 0.0
4.67969 0.0 -0.0397859 0.0
4.6875 0.0 -0.042203 0.0
4.69531 0.0 -0.044545 0.0
4.70312 0.0 -0.0468088 0.0
4.71094 0.0 -0.0489918 0.0
4.71875 0.0 -0.0510911 0.0
4.72656 0.0 -0.0531042 0.0
4.73438 0.0 -0.0550288 0.0
4.74219 0.0 -0.0568624 0.0
4.75 0.0 -0.0586029 0.0
4.75781 0.0 -0.0602483 0.0
4.76562 0.0 -0.0617965 0.0
4.77344 0.0 -0.0632459 0.0
4.78125 0.0 -0.0645948 0.0
4.78906 0.0 -0.0658417 0.0
4.79688 0.0 -0.0669852 0.0
4.80469 0.0 -0.0680242 0.0
4.8125 0.0 -0.0689575 0.0
4.82031 0.0 -0.0697844 0.0
4.82812 0.0 -0.0705039 0.0
4.83594 0.0 -0.0711156 0.0
4.84375 0.0 -0.071619 0.0
4.85156 0.0 -0.0720138 0.0
4.85938 0.0 -0.0722998 0.0
4.86719 0.0 -0.0724771 0.0
4.875 0.0 -0.072546 0.0
4.88281 0.0 -0.0725066 0.0
4.89062 0.0 -0.0723596 0.0
4.89844 0.0 -0.0721055 0.0
4.90625 0.0 -0.0717453 0.0
4.91406 0.0 -0.0712798 0.0
4.92188 0.0 -0.0707103 0.0
4.92969 0.0 -0.0700379 0.0
4.9375 0.0 -0.0692643 0.0
4.94531 0.0 -0.0683908 0.0
4.95312 0.0 -0.0674194 0.0
4.96094 0.0 -0.0663519 0.0
4.96875 0.0 -0.0651903 0.0
4.97656 0.0 -0.0639368 0.0
4.98438 0.0 -0.0625938 0.0
4.99219 0.0 -0.0611637 0.0
5 0.0 -0.0596491 0.0
5.00781 0.0 -0.0580528 0.0
5.01562 0.0 -0.0563777 0.0
5.02344 0.0 -0.0546266 0.0
5.03125 0.0 -0.0528028 0.0
5.03906 0.0 -0.0509094 0.0
5.04688 0.0 -0.0489498 0.0
5.05469 0.0 -0.0469274 0.0
5.0625 0.0 -0.0448457 0.0
5.07031 0.0 -0.0427084 0.0
5.07812 0.0 -0.0405192 0.0
5.08594 0.0 -0.0382818 0.0
5.09375 0.0 -0.0360001 0.0
5.10156 0.0 -0.0336781 0.0
5.10938 0.0 -0.0313195 0.0
5.11719 0.0 -0.0289285 0.0
5.125 0.0 -0.0265091 0.0
5.13281 0.0 -0.0240654 0.0
5.14062 0.0 -0.0216013 0.0
5.14844 0.0 -0.0191211 0.0
5.15625 0.0 -0.0166288 0.0
5.16406 0.0 -0.0141285 0.0
5.17188 0.0 -0.0116243 0.0
5.17969 0.0 -0.00912013 0.0
5.1875 0.0 -0.00662011 0.0
5.19531 0.0 -0.00412819 0.0
5.20312 0.0 -0.00164829 0.0
5.21094 0.0 0.000815703 0.0
5.21875 0.0 0.00325997 0.0
5.22656 0.0 0.00568077 0.0
5.23438 0.0 0.00807442 0.0
5.24219 0.0 0.0104373 0.0
5.25 0.0 0.012766 0.0
5.25781 0.0 0.015057 0.0
5.26562 0.0 0.0173069 0.0
5.27344 0.0 0.0195127 0.0
5.28125 0.0 0.0216711 0.0
5.28906 0.0 0.0237792 0.0
5.29688 0.0 0.025834 0.0
5.30469 0.0 0.0278329 0.0
5.3125 0.0 0.0297731 0.0
5.32031 0.0 0.0316521 0.0
5.32812 0.0 0.0334675 0.0
5.33594 0.0 0.0352171 0.0
5.34375 0.0 0.0368987 0.0
5.35156 0.0 0.0385103 0.0
5.35938 0.0 0.0400501 0.0
5.36719 0.0 0.0415162 0.0
5.375 0.0 0.0429072 0.0
5.38281 0.0 0.0442214 0.0
5.39062 0.0 0.0454578 0.0
5.39844 0.0 0.0466149 0.0
5.40625 0.0 0.0476918 0.0
5.41406 0.0 0.0486876 0.0
5.42188 0.0 0.0496015 0.0
5.42969 0.0 0.0504329 0.0
5.4375 0.0 0.0511812 0.0
5.44531 0.0 0.0518461 0.0
5.45312 0.0 0.0524274 0.0
5.46094 0.0 0.0529249 0.0
5.46875 0.0 0.0533386 0.0
5.47656 0.0 0.0536687 0.0
5.48438 0.0 0.0539155 0.0
5.49219 0.0 0.0540793 0.0
5.5 0.0 0.0541606 0.0
5.50781 0.0 0.0541601 0.0
5.51562 0.0 0.0540785 0.0
5.52344 0.0 0.0539167 0.0
5.53125 0.0 0.0536756 0.0
5.53906 0.0 0.0533562 0.0
5.54688 0.0 0.0529597 0.0
5.55469 0.0 0.0524874 0.0
5.5625 0.0 0.0519407 0.0
5.57031 0.0 0.0513209 0.0
5.57812 0.0 0.0506297 0.0
5.58594 0.0 0.0498685 0.0
5.59375 0.0 0.0490393 0.0
5.60156 0.0 0.0481436 0.0
5.60938 0.0 0.0471835 0.0
5.61719 0.0 0.0461607 0.0
5.625 0.0 0.0450774 0.0
5.63281 0.0 0.0439355 0.0
5.64062 0.0 0.0427372 0.0
5.64844 0.0 0.0414847 0.0
5.65625 0.0 0.0401803 0.0
5.66406 0.0 0.0388262 0.0
5.67188 0.0 0.0374247 0.0
5.67969 0.0 0.0359782 0.0
5.6875 0.0 0.0344893 0.0
5.69531 0.0 0.0329602 0.0
5.70312 0.0 0.0313936 0.0
5.71094 0.0 0.0297919 0.0
5.71875 0.0 0.0281577 0.0
5.72656 0.0 0.0264936 0.0
5.73438 0.0 0.0248021 0.0
5.74219 0.0 0.023086 0.0
5.75 0.0 0.0213477 0.0
5.75781 0.0 0.0195901 0.0
5.76562 0.0 0.0178156 0.0
5.77344 0.0 0.016027 0.0
5.78125 0.0 0.014227 0.0
5.78906 0.0 0.0124181 0.0
5.79688 0.0 0.010603 0.0
5.80469 0.0 0.00878436 0.0
5.8125 0.0 0.00696482 0.0
5.82031 0.0 0.00514698 0.0
5.82812 0.0 0.00333343 0.0
5.83594 0.0 0.00152676 0.0
5.84375 0.0 -0.000270497 0.0
5.85156 0.0 -0.0020558 0.0
5.85938 0.0 -0.00382666 0.0
5.86719 0.0 -0.00558062 0.0
5.875 0.0 -0.00731523 0.0
5.88281 0.0 -0.00902812 0.0
5.89062 0.0 -0.0107169 0.0
5.89844 0.0 -0.0123794 0.0
5.90625 0.0 -0.0140131 0.0
5.91406 0.0 -0.0156161 0.0
5.92188 0.0 -0.017186 0.0
5.92969 0.0 -0.0187208 0.0
5.9375 0.0 -0.0202184 0.0
5.94531 0.0 -0.0216768 0.0
5.95312 0.0 -0.0230942 0.0
5.96094 0.0 -0.0244687 0.0
5.96875 0.0 -0.0257984 0.0
5.97656 0.0 -0.0270816 0.0
5.98438 0.0 -0.0283167 0.0
5.99219 0.0 -0.0295022 0.0
6 0.0 -0.0306365 0.0
6.00781 0.0 -0.0317181 0.0
6.01562 0.0 -0.0327458 0.0
6.02344 0.0 -0.0337183 0.0
6.03125 0.0 -0.0346344 0.0
6.03906 0.0 -0.035493 0.0
6.04688 0.0 -0.0362932 0.0
6.05469 0.0 -0.0370339 0.0
6.0625 0.0 -0.0377145 0.0
6.07031 0.0 -0.0383342 0.0
6.07812 0.0 -0.0388923 0.0
6.08594 0.0 -0.0393884 0.0
6.09375 0.0 -0.0398219 0.0
6.10156 0.0 -0.0401926 0.0
6.10938 0.0 -0.0405002 0.0
6.11719 0.0 -0.0407445 0.0
6.125 0.0 -0.0409256 0.0
6.13281 0.0 -0.0410435 0.0
6.14062 0.0 -0.0410983 0.0
6.14844 0.0 -0.0410902 0.0
6.15625 0.0 -0.0410197 0.0
6.16406 0.0 -0.0408872 0.0
6.17188 0.0 -0.0406931 0.0
6.17969 0.0 -0.0404383 0.0
6.1875 0.0 -0.0401233 0.0
6.19531 0.0 -0.039749 0.0
6.20312 0.0 -0.0393163 0.0
6.21094 0.0 -0.0388263 0.0
6.21875 0.0 -0.03828 0.0
6.22656 0.0 -0.0376785 0.0
6.23438 0.0 -0.0370232 0.0
6.24219 0.0 -0.0363154 0.0
6.25 0.0 -0.0355565 0.0
6.25781 0.0 -0.034748 0.0
6.26562 0.0 -0.0338914 0.0
6.27344 0.0 -0.0329884 0.0
6.28125 0.0 -0.0320407 0.0
6.28906 0.0 -0.03105 0.0
6.29688 0.0 -0.0300181 0.0
6.30469 0.0 -0.028947 0.0
6.3125 0.0 -0.0278385 0.0
6.32031 0.0 -0.0266946 0.0
6.32812 0.0 -0.0255173 0.0
6.33594 0.0 -0.0243087 0.0
6.34375 0.0 -0.0230708 0.0
6.35156 0.0 -0.0218059 0.0
6.35938 0.0 -0.0205159 0.0
6.36719 0.0 -0.0192032 0.0
6.375 0.0 -0.01787 0.0
6.38281 0.0 -0.0165183 0.0
6.39062 0.0 -0.0151505 0.0
6.39844 0.0 -0.0137688 0.0
6.40625 0.0 -0.0123755 0.0
6.41406 0.0 -0.0109727 0.0
6.42188 0.0 -0.00956276 0.0
6.42969 0.0 -0.00814788 0.0
6.4375 0.0 -0.00673028 0.0
6.44531 0.0 -0.00531218 0.0
6.45312 0.0 -0.00389577 0.0
6.46094 0.0 -0.00248322 0.0
6.46875 0.0 -0.00107669 0.0
6.47656 0.0 0.000321721 0.0
6.48438 0.0 0.00170991 0.0
6.49219 0.0 0.00308581 0.0
6.5 0.0 0.00444742 0.0
6.50781 0.0 0.00579276 0.0
6.51562 0.0 0.00711989 0.0
6.52344 0.0 0.00842691 0.0
6.53125 0.0 0.00971199 0.0
6.53906 0.0 0.0109733 0.0
6.54688 0.0 0.0122092 0.0
6.55469 0.0 0.0134179 0.0
6.5625 0.0 0.0145979 0.0
6.57031 0.0 0.0157475 0.0
6.57812 0.0 0.0168652 0.0
6.58594 0.0 0.0179497 0.0
6.59375 0.0 0.0189994 0.0
6.60156 0.0 0.0200132 0.0
6.60938 0.0 0.0209898 0.0
6.61719 0.0 0.0219279 0.0
6.625 0.0 0.0228265 0.0
6.63281 0.0 0.0236846 0.0
6.64062 0.0 0.0245012 0.0
6.64844 0.0 0.0252753 0.0
6.65625 0.0 0.0260062 0.0
6.66406 0.0 0.0266931 0.0
6.67188 0.0 0.0273354 0.0
6.67969 0.0 0.0279324 0.0
6.6875 0.0 0.0284835 0.0
6.69531 0.0 0.0289885 0.0
6.70312 0.0 0.0294468 0.0
6.71094 0.0 0.0298581 0.0
6.71875 0.0 0.0302223 0.0
6.72656 0.0 0.0305391 0.0
6.73438 0.0 0.0308085 0.0
6.74219 0.0 0.0310304 0.0
6.75 0.0 0.0312048 0.0
6.75781 0.0 0.031332 0.0
6.76562 0.0 0.031412 0.0
6.77344 0.0 0.0314452 0.0
6.78125 0.0 0.0314317 0.0
6.78906 0.0 0.0313722 0.0
6.79688 0.0 0.0312668 0.0
6.80469 0.0 0.0311163 0.0
6.8125 0.0 0.0309211 0.0
6.82031 0.0 0.0306819 0.0
6.82812 0.0 0.0303993 0.0
6.83594 0.0 0.0300741 0.0
6.84375 0.0 0.0297072 0.0
6.85156 0.0 0.0292993 0.0
6.85938 0.0 0.0288514 0.0
6.86719 0.0 0.0283644 0.0
6.875 0.0 0.0278394 0.0
6.88281 0.0 0.0272774 0.0
6.89062 0.0 0.0266794 0.0
6.89844 0.0 0.0260466 0.0
6.90625 0.0 0.0253803 0.0
6.91406 0.0 0.0246816 0.0
6.92188 0.0 0.0239517 0.0
6.92969 0.0 0.0231921 0.0
6.9375 0.0 0.0224039 0.0
6.94531 0.0 0.0215886 0.0
6.95312 0.0 0.0207476 0.0
6.96094 0.0 0.0198822 0.0
6.96875 0.0 0.0189939 0.0
6.97656 0.0 0.0180842 0.0
6.98438 0.0 0.0171545 0.0
6.99219 0.0 0.0162064 0.0
7 0.0 0.0152414 0.0
7.00781 0.0 0.0142609 0.0
7.01562 0.0 0.0132666 0.0
7.02344 0.0 0.01226 0.0
7.03125 0.0 0.0112427 0.0
7.03906 0.0 0.0102162 0.0
7.04688 0.0 0.00918209 0.0
7.05469 0.0 0.00814197 0.0
7.0625 0.0 0.00709741 0.0
7.07031 0.0 0.00604998 0.0
7.07812 0.0 0.00500124 0.0
7.08594 0.0 0.00395274 0.0
7.09375 0.0 0.00290605 0.0
7.10156 0.0 0.00186269 0.0
7.10938 0.0 0.000824194 0.0
7.11719 0.0 -0.000207935 0.0
7.125 0.0 -0.0012322 0.0
7.13281 0.0 -0.00224714 0.0
7.14062 0.0 -0.0032513 0.0
7.14844 0.0 -0.00424325 0.0
7.15625 0.0 -0.00522159 0.0
7.16406 0.0 -0.00618496 0.0
7.17188 0.0 -0.00713201 0.0
7.17969 0.0 -0.00806142 0.0
7.1875 0.0 -0.00897192 0.0
7.19531 0.0 -0.00986227 0.0
7.20312 0.0 -0.0107313 0.0
7.21094 0.0 -0.0115777 0.0
7.21875 0.0 -0.0124005 0.0
7.22656 0.0 -0.0131985 0.0
7.23438 0.0 -0.0139708 0.0
7.24219 0.0 -0.0147162 0.0
7.25 0.0 -0.0154339 0.0
7.25781 0.0 -0.016123 0.0
7.26562 0.0 -0.0167825 0.0
7.27344 0.0 -0.0174116 0.0
7.28125 0.0 -0.0180097 0.0
7.28906 0.0 -0.018576 0.0
7.29688 0.0 -0.0191097 0.0
7.30469 0.0 -0.0196104 0.0
7.3125 0.0 -0.0200775 0.0
7.32031 0.0 -0.0205104 0.0
7.32812 0.0 -0.0209087 0.0
7.33594 0.0 -0.0212721 0.0
7.34375 0.0 -0.0216001 0.0
7.35156 0.0 -0.0218925 0.0
7.35938 0.0 -0.0221492 0.0
7.36719 0.0 -0.0223698 0.0
7.375 0.0 -0.0225543 0.0
7.38281 0.0 -0.0227027 0.0
7.39062 0.0 -0.0228149 0.0
7.39844 0.0 -0.0228909 0.0
7.40625 0.0 -0.022931 0.0
7.41406 0.0 -0.0229353 0.0
7.42188 0.0 -0.0229039 0.0
7.42969 0.0 -0.0228371 0.0
7.4375 0.0 -0.0227353 0.0
7.44531 0.0 -0.0225989 0.0
7.45312 0.0 -0.0224282 0.0
7.46094 0.0 -0.0222237 0.0
7.46875 0.0 -0.021986 0.0
7.47656 0.0 -0.0217157 0.0
7.48438 0.0 -0.0214133 0.0
7.49219 0.0 -0.0210795 0.0
7.5 0.0 -0.0207151 0.0
7.50781 0.0 -0.0203207 0.0
7.51562 0.0 -0.0198972 0.0
7.52344 0.0 -0.0194455 0.0
7.53125 0.0 -0.0189663 0.0
7.53906 0.0 -0.0184605 0.0
7.54688 0.0 -0.0179293 0.0
7.55469 0.0 -0.0173734 0.0
7.5625 0.0 -0.0167939 0.0
7.57031 0.0 -0.0161919 0.0
7.57812 0.0 -0.0155684 0.0
7.58594 0.0 -0.0149246 0.0
7.59375 0.0 -0.0142614 0.0
7.60156 0.0 -0.0135801 0.0
7.60938 0.0 -0.0128819 0.0
7.61719 0.0 -0.0121678 0.0
7.625 0.0 -0.0114392 0.0
7.63281 0.0 -0.0106971 0.0
7.64062 0.0 -0.00994285 0.0
7.64844 0.0 -0.00917766 0.0
7.65625 0.0 -0.00840275 0.0
7.66406 0.0 -0.00761937 0.0
7.67188 0.0 -0.00682877 0.0
7.67969 0.0 -0.00603219 0.0
7.6875 0.0 -0.00523088 0.0
7.69531 0.0 -0.0044261 0.0
7.70312 0.0 -0.00361909 0.0
7.71094 0.0 -0.00281108 0.0
7.71875 0.0 -0.0020033 0.0
7.72656 0.0 -0.00119698 0.0
7.73438 0.0 -0.000393329 0.0
7.74219 0.0 0.000406464 0.0
7.75 0.0 0.00120122 0.0
7.75781 0.0 0.00198976 0.0
7.76562 0.0 0.00277095 0.0
7.77344 0.0 0.00354367 0.0
7.78125 0.0 0.0043068 0.0
7.78906 0.0 0.00505926 0.0
7.79688 0.0 0.00580001 0.0
7.80469 0.0 0.006528 0.0
7.8125 0.0 0.00724223 0.0
7.82031 0.0 0.00794174 0.0
7.82812 0.0 0.00862557 0.0
7.83594 0.0 0.00929281 0.0
7.84375 0.0 0.00994259 0.0
7.85156 0.0 0.010574 0.0
7.85938 0.0 0.0111864 0.0
7.86719 0.0 0.0117788 0.0
7.875 0.0 0.0123505 0.0
7.88281 0.0 0.0129009 0.0
7.89062 0.0 0.0134293 0.0
7.89844 0.0 0.0139351 0.0
7.90625 0.0 0.0144175 0.0
7.91406 0.0 0.0148762 0.0
7.92188 0.0 0.0153106 0.0
7.92969 0.0 0.0157202 0.0
7.9375 0.0 0.0161047 0.0
7.94531 0.0 0.0164635 0.0
7.95312 0.0 0.0167964 0.0
7.96094 0.0 0.017103 0.0
7.96875 0.0 0.0173832 0.0
7.97656 0.0 0.0176366 0.0
7.98438 0.0 0.0178631 0.0
7.99219 0.0 0.0180626 0.0
8 0.0 0.0182349 0.0
8.00781 0.0 0.01838 0.0
8.01562 0.0 0.018498 0.0
8.02344 0.0 0.0185887 0.0
8.03125 0.0 0.0186523 0.0
8.03906 0.0 0.0186889 0.0
8.04688 0.0 0.0186987 0.0
8.05469 0.0 0.0186818 0.0
8.0625 0.0 0.0186384 0.0
8.07031 0.0 0.0185688 0.0
8.07812 0.0 0.0184733 0.0
8.08594 0.0 0.0183522 0.0
8.09375 0.0 0.018206 0.0
8.10156 0.0 0.0180349 0.0
8.10938 0.0 0.0178395 0.0
8.11719 0.0 0.0176202 0.0
8.125 0.0 0.0173775 0.0
8.13281 0.0 0.0171119 0.0
8.14062 0.0 0.0168241 0.0
8.14844 0.0 0.0165146 0.0
8.15625 0.0 0.0161839 0.0
8.16406 0.0 0.0158329 0.0
8.17188 0.0 0.0154621 0.0
8.17969 0.0 0.0150722 0.0
8.1875 0.0 0.0146639 0.0
8.19531 0.0 0.0142381 0.0
8.20312 0.0 0.0137954 0.0
8.21094 0.0 0.0133367 0.0
8.21875 0.0 0.0128627 0.0
8.22656 0.0 0.0123742 0.0
8.23438 0.0 0.0118722 0.0
8.24219 0.0 0.0113573 0.0
8.25 0.0 0.0108306 0.0
8.25781 0.0 0.0102928 0.0
8.26562 0.0 0.00974491 0.0
8.27344 0.0 0.00918772 0.0
8.28125 0.0 0.00862216 0.0
8.28906 0.0 0.00804915 0.0
8.29688 0.0 0.00746958 0.0
8.30469 0.0 0.00688438 0.0
8.3125 0.0 0.00629445 0.0
8.32031 0.0 0.00570072 0.0
8.32812 0.0 0.00510409 0.0
8.33594 0.0 0.00450549 0.0
8.34375 0.0 0.00390582 0.0
8.35156 0.0 0.00330599 0.0
8.35938 0.0 0.0027069 0.0
8.36719 0.0 0.00210944 0.0
8.375 0.0 0.0015145 0.0
8.38281 0.0 0.00092296 0.0
8.39062 0.0 0.000335679 0.0
8.39844 0.0 -0.000246488 0.0
8.40625 0.0 -0.000822701 0.0
8.41406 0.0 -0.00139213 0.0
8.42188 0.0 -0.00195397 0.0
8.42969 0.0 -0.00250743 0.0
8.4375 0.0 -0.00305172 0.0
8.44531 0.0 -0.00358608 0.0
8.45312 0.0 -0.00410979 0.0
8.46094 0.0 -0.00462212 0.0
8.46875 0.0 -0.00512237 0.0
8.47656 0.0 -0.00560987 0.0
8.48438 0.0 -0.00608397 0.0
8.49219 0.0 -0.00654403 0.0
8.5 0.0 -0.00698946 0.0
8.50781 0.0 -0.00741968 0.0
8.51562 0.0 -0.00783414 0.0
8.52344 0.0 -0.00823231 0.0
8.53125 0.0 -0.0086137 0.0
8.53906 0.0 -0.00897783 0.0
8.54688 0.0 -0.00932427 0.0
8.55469 0.0 -0.00965262 0.0
8.5625 0.0 -0.00996247 0.0
8.57031 0.0 -0.0102535 0.0
8.57812 0.0 -0.0105254 0.0
8.58594 0.0 -0.0107778 0.0
8.59375 0.0 -0.0110105 0.0
8.60156 0.0 -0.0112233 0.0
8.60938 0.0 -0.011416 0.0
8.61719 0.0 -0.0115883 0.0
8.625 0.0 -0.0117402 0.0
8.63281 0.0 -0.0118717 0.0
8.64062 0.0 -0.0119825 0.0
8.64844 0.0 -0.0120726 0.0
8.65625 0.0 -0.0121421 0.0
8.66406 0.0 -0.012191 0.0
8.67188 0.0 -0.0122194 0.0
8.67969 0.0 -0.0122272 0.0
8.6875 0.0 -0.0122147 0.0
8.69531 0.0 -0.0121819 0.0
8.70312 0.0 -0.0121291 0.0
8.71094 0.0 -0.0120564 0.0
8.71875 0.0 -0.0119642 0.0
8.72656 0.0 -0.0118526 0.0
8.73438 0.0 -0.0117219 0.0
8.74219 0.0 -0.0115724 0.0
8.75 0.0 -0.0114046 0.0
8.75781 0.0 -0.0112187 0.0
8.76562 0.0 -0.0110152 0.0
8.77344 0.0 -0.0107945 0.0
8.78125 0.0 -0.010557 0.0
8.78906 0.0 -0.0103031 0.0
8.79688 0.0 -0.0100334 0.0
8.80469 0.0 -0.0097484 0.0
8.8125 0.0 -0.00944857 0.0
8.82031 0.0 -0.00913448 0.0
8.82812 0.0 -0.00880669 0.0
8.83594 0.0 -0.00846578 0.0
8.84375 0.0 -0.00811235 0.0
8.85156 0.0 -0.00774701 0.0
8.85938 0.0 -0.00737038 0.0
8.86719 0.0 -0.0069831 0.0
8.875 0.0 -0.00658583 0.0
8.88281 0.0 -0.00617921 0.0
8.89062 0.0 -0.00576393 0.0
8.89844 0.0 -0.00534067 0.0
8.90625 0.0 -0.0049101 0.0
8.91406 0.0 -0.00447293 0.0
8.92188 0.0 -0.00402985 0.0
8.92969 0.0 -0.00358157 0.0
8.9375 0.0 -0.00312879 0.0
8.94531 0.0 -0.00267221 0.0
8.95312 0.0 -0.00221256 0.0
8.96094 0.0 -0.00175053 0.0
8.96875 0.0 -0.00128684 0.0
8.97656 0.0 -0.000822182 0.0
8.98438 0.0 -0.000357267 0.0
8.99219 0.0 0.000107211 0.0
9 0.0 0.000570561 0.0
9.00781 0.0 0.0010321 0.0
9.01562 0.0 0.00149114 0.0
9.02344 0.0 0.00194703 0.0
9.03125 0.0 0.0023991 0.0
9.03906 0.0 0.00284671 0.0
9.04688 0.0 0.00328921 0.0
9.05469 0.0 0.00372599 0.0
9.0625 0.0 0.00415643 0.0
9.07031 0.0 0.00457993 0.0
9.07812 0.0 0.00499591 0.0
9.08594 0.0 0.00540381 0.0
9.09375 0.0 0.00580307 0.0
9.10156 0.0 0.00619317 0.0
9.10938 0.0 0.00657357 0.0
9.11719 0.0 0.0069438 0.0
9.125 0.0 0.00730337 0.0
9.13281 0.0 0.00765182 0.0
9.14062 0.0 0.00798871 0.0
9.14844 0.0 0.00831363 0.0
9.15625 0.0 0.00862618 0.0
9.16406 0.0 0.00892598 0.0
9.17188 0.0 0.00921269 0.0
9.17969 0.0 0.00948597 0.0
9.1875 0.0 0.00974551 0.0
9.19531 0.0 0.00999103 0.0
9.20312 0.0 0.0102223 0.0
9.21094 0.0 0.010439 0.0
9.21875 0.0 0.010641 0.0
9.22656 0.0 0.0108281 0.0
9.23438 0.0 0.011 0.0
9.24219 0.0 0.0111568 0.0
9.25 0.0 0.0112982 0.0
9.25781 0.0 0.0114242 0.0
9.26562 0.0 0.0115346 0.0
9.27344 0.0 0.0116295 0.0
9.28125 0.0 0.0117088 0.0
9.28906 0.0 0.0117725 0.0
9.29688 0.0 0.0118206 0.0
9.30469 0.0 0.0118533 0.0
9.3125 0.0 0.0118705 0.0
9.32031 0.0 0.0118724 0.0
9.32812 0.0 0.011859 0.0
9.33594 0.0 0.0118305 0.0
9.34375 0.0 0.0117871 0.0
9.35156 0.0 0.0117289 0.0
9.35938 0.0 0.0116562 0.0
9.36719 0.0 0.0115692 0.0
9.375 0.0 0.011468 0.0
9.38281 0.0 0.011353 0.0
9.39062 0.0 0.0112245 0.0
9.39844 0.0 0.0110827 0.0
9.40625 0.0 0.010928 0.0
9.41406 0.0 0.0107607 0.0
9.42188 0.0 0.0105811 0.0
9.42969 0.0 0.0103896 0.0
9.4375 0.0 0.0101865 0.0
9.44531 0.0 0.00997241 0.0
9.45312 0.0 0.00974756 0.0
9.46094 0.0 0.00951241 0.0
9.46875 0.0 0.0092674 0.0
9.47656 0.0 0.00901297 0.0
9.48438 0.0 0.00874958 0.0
9.49219 0.0 0.00847769 0.0
9.5 0.0 0.00819779 0.0
9.50781 0.0 0.00791034 0.0
9.51562 0.0 0.00761585 0.0
9.52344 0.0 0.00731481 0.0
9.53125 0.0 0.00700773 0.0
9.53906 0.0 0.00669512 0.0
9.54688 0.0 0.00637749 0.0
9.55469 0.0 0.00605536 0.0
9.5625 0.0 0.00572925 0.0
9.57031 0.0 0.00539969 0.0
9.57812 0.0 0.00506721 0.0
9.58594 0.0 0.00473233 0.0
9.59375 0.0 0.00439557 0.0
9.60156 0.0 0.00405747 0.0
9.60938 0.0 0.00371855 0.0
9.61719 0.0 0.00337933 0.0
9.625 0.0 0.00304032 0.0
9.63281 0.0 0.00270206 0.0
9.64062 0.0 0.00236503 0.0
9.64844 0.0 0.00202976 0.0
9.65625 0.0 0.00169674 0.0
9.66406 0.0 0.00136647 0.0
9.67188 0.0 0.00103942 0.0
9.67969 0.0 0.00071608 0.0
9.6875 0.0 0.000396917 0.0
9.69531 0.0 8.23905e-05 0.0
9.70312 0.0 -0.00022705 0.0
9.71094 0.0 -0.000530964 0.0
9.71875 0.0 -0.000828924 0.0
9.72656 0.0 -0.00112051 0.0
9.73438 0.0 -0.00140533 0.0
9.74219 0.0 -0.00168297 0.0
9.75 0.0 -0.00195307 0.0
9.75781 0.0 -0.00221526 0.0
9.76562 0.0 -0.00246918 0.0
9.77344 0.0 -0.00271451 0.0
9.78125 0.0 -0.00295092 0.0
9.78906 0.0 -0.0031781 0.0
9.79688 0.0 -0.00339576 0.0
9.80469 0.0 -0.00360363 0.0
9.8125 0.0 -0.00380145 0.0
9.82031 0.0 -0.00398899 0.0
9.82812 0.0 -0.004166 0.0
9.83594 0.0 -0.0043323 0.0
9.84375 0.0 -0.00448768 0.0
9.85156 0.0 -0.00463198 0.0
9.85938 0.0 -0.00476503 0.0
9.86719 0.0 -0.00488671 0.0
9.875 0.0 -0.0049969 0.0
9.88281 0.0 -0.00509548 0.0
9.89062 0.0 -0.00518239 0.0
9.89844 0.0 -0.00525755 0.0
9.90625 0.0 -0.00532091 0.0
9.91406 0.0 -0.00537246 0.0
9.92188 0.0 -0.00541217 0.0
9.92969 0.0 -0.00544005 0.0
9.9375 0.0 -0.00545613 0.0
9.94531 0.0 -0.00546045 0.0
9.95312 0.0 -0.00545307 0.0
9.96094 0.0 -0.00543406 0.0
9.96875 0.0 -0.00540352 0.0
9.97656 0.0 -0.00536156 0.0
9.98438 0.0 -0.00530831 0.0
9.99219 0.0 -0.0052439 0.0
10 0.0 -0.00516849 0.0
10.0078 0.0 -0.00508227 0.0
10.0156 0.0 -0.00498541 0.0
10.0234 0.0 -0.00487813 0.0
10.0312 0.0 -0.00476064 0.0
10.0391 0.0 -0.00463317 0.0
10.0469 0.0 -0.00449598 0.0
10.0547 0.0 -0.00434931 0.0
10.0625 0.0 -0.00419345 0.0
10.0703 0.0 -0.00402867 0.0
10.0781 0.0 -0.00385526 0.0
10.0859 0.0 -0.00367355 0.0
10.0938 0.0 -0.00348383 0.0
10.1016 0.0 -0.00328645 0.0
10.1094 0.0 -0.00308173 0.0
10.1172 0.0 -0.00287003 0.0
10.125 0.0 -0.00265169 0.0
10.1328 0.0 -0.00242707 0.0
10.1406 0.0 -0.00219654 0.0
10.1484 0.0 -0.00196049 0.0
10.1562 0.0 -0.00171928 0.0
10.1641 0.0 -0.00147331 0.0
10.1719 0.0 -0.00122296 0.0
10.1797 0.0 -0.000968625 0.0
10.1875 0.0 -0.000710708 0.0
10.1953 0.0 -0.000449606 0.0
10.2031 0.0 -0.000185721 0.0
10.2109 0.0 8.05432e-05 0.0
10.2188 0.0 0.000348782 0.0
10.2266 0.0 0.000618591 0.0
10.2344 0.0 0.000889566 0.0
10.2422 0.0 0.0011613 0.0
10.25 0.0 0.00143341 0.0
10.2578 0.0 0.00170547 0.0
10.2656 0.0 0.0019771 0.0
10.2734 0.0 0.0022479 0.0
10.2812 0.0 0.00251749 0.0
10.2891 0.0 0.00278548 0.0
10.2969 0.0 0.00305149 0.0
10.3047 0.0 0.00331515 0.0
10.3125 0.0 0.0035761 0.0
10.3203 0.0 0.00383396 0.0
10.3281 0.0 0.0040884 0.0
10.3359 0.0 0.00433905 0.0
10.3438 0.0 0.0045856 0.0
10.3516 0.0 0.0048277 0.0
10.3594 0.0 0.00506504 0.0
10.3672 0.0 0.00529731 0.0
10.375 0.0 0.00552421 0.0
10.3828 0.0 0.00574545 0.0
10.3906 0.0 0.00596075 0.0
10.3984 0.0 0.00616984 0.0
10.4062 0.0 0.00637247 0.0
10.4141 0.0 0.0065684 0.0
10.4219 0.0 0.00675738 0.0
10.4297 0.0 0.00693919 0.0
10.4375 0.0 0.00711364 0.0
10.4453 0.0 0.00728053 0.0
10.4531 0.0 0.00743966 0.0
10.4609 0.0 0.00759088 0.0
10.4688 0.0 0.00773402 0.0
10.4766 0.0 0.00786894 0.0
10.4844 0.0 0.00799552 0.0
10.4922 0.0 0.00811363 0.0
10.5 0.0 0.00822318 0.0
10.5078 0.0 0.00832407 0.0
10.5156 0.0 0.00841624 0.0
10.5234 0.0 0.00849961 0.0
10.5312 0.0 0.00857414 0.0
10.5391 0.0 0.0086398 0.0
10.5469 0.0 0.00869657 0.0
10.5547 0.0 0.00874443 0.0
10.5625 0.0 0.00878341 0.0
10.5703 0.0 0.0088135 0.0
10.5781 0.0 0.00883476 0.0
10.5859 0.0 0.00884723 0.0
10.5938 0.0 0.00885096 0.0
10.6016 0.0 0.00884602 0.0
10.6094 0.0 0.00883251 0.0
10.6172 0.0 0.00881052 0.0
10.625 0.0 0.00878015 0.0
10.6328 0.0 0.00874153 0.0
10.6406 0.0 0.00869479 0.0
10.6484 0.0 0.00864007 0.0
10.6562 0.0 0.00857753 0.0
10.6641 0.0 0.00850733 0.0
10.6719 0.0 0.00842965 0.0
10.6797 0.0 0.00834467 0.0
10.6875 0.0 0.00825259 0.0
10.6953 0.0 0.00815361 0.0
10.7031 0.0 0.00804795 0.0
10.7109 0.0 0.00793582 0.0
10.7188 0.0 0.00781746 0.0
10.7266 0.0 0.00769311 0.0
10.7344 0.0 0.007563 0.0
10.7422 0.0 0.0074274 0.0
10.75 0.0 0.00728656 0.0
10.7578 0.0 0.00714074 0.0
10.7656 0.0 0.00699021 0.0
10.7734 0.0 0.00683525 0.0
10.7812 0.0 0.00667615 0.0
10.7891 0.0 0.00651317 0.0
10.7969 0.0 0.00634662 0.0
10.8047 0.0 0.00617679 0.0
10.8125 0.0 0.00600396 0.0
10.8203 0.0 0.00582844 0.0
10.8281 0.0 0.00565052 0.0
10.8359 0.0 0.00547051 0.0
10.8438 0.0 0.0052887 0.0
10.8516 0.0 0.0051054 0.0
10.8594 0.0 0.00492092 0.0
10.8672 0.0 0.00473555 0.0
10.875 0.0 0.0045496 0.0
10.8828 0.0 0.00436337 0.0
10.8906 0.0 0.00417715 0.0
10.8984 0.0 0.00399125 0.0
10.9062 0.0 0.00380596 0.0
10.9141 0.0 0.00362157 0.0
10.9219 0.0 0.00343836 0.0
10.9297 0.0 0.00325664 0.0
10.9375 0.0 0.00307666 0.0
10.9453 0.0 0.00289873 0.0
10.9531 0.0 0.00272309 0.0
10.9609 0.0 0.00255003 0.0
10.9688 0.0 0.0023798 0.0
10.9766 0.0 0.00221266 0.0
10.9844 0.0 0.00204885 0.0
10.9922 0.0 0.00188862 0.0
11 0.0 0.00173221 0.0
11.0078 0.0 0.00157984 0.0
11.0156 0.0 0.00143174 0.0
11.0234 0.0 0.00128811 0.0
11.0312 0.0 0.00114917 0.0
11.0391 0.0 0.0010151 0.0
11.0469 0.0 0.0008861 0.0
11.0547 0.0 0.000762348 0.0
11.0625 0.0 0.000644014 0.0
11.0703 0.0 0.000531258 0.0
11.0781 0.0 0.000424234 0.0
11.0859 0.0 0.000323083 0.0
11.0938 0.0 0.000227939 0.0
11.1016 0.0 0.000138925 0.0
11.1094 0.0 5.61535e-05 0.0
11.1172 0.0 -2.02718e-05 0.0
11.125 0.0 -9.0258e-05 0.0
11.1328 0.0 -0.000153722 0.0
11.1406 0.0 -0.000210592 0.0
11.1484 0.0 -0.000260804 0.0
11.1562 0.0 -0.000304308 0.0
11.1641 0.0 -0.000341061 0.0
11.1719 0.0 -0.000371033 0.0
11.1797 0.0 -0.000394201 0.0
11.1875 0.0 -0.000410557 0.0
11.1953 0.0 -0.000420098 0.0
11.2031 0.0 -0.000422836 0.0
11.2109 0.0 -0.000418789 0.0
11.2188 0.0 -0.000407988 0.0
11.2266 0.0 -0.000390472 0.0
11.2344 0.0 -0.000366291 0.0
11.2422 0.0 -0.000335505 0.0
11.25 0.0 -0.000298181 0.0
11.2578 0.0 -0.000254397 0.0
11.2656 0.0 -0.000204242 0.0
11.2734 0.0 -0.00014781 0.0
11.2812 0.0 -8.52064e-05 0.0
11.2891 0.0 -1.6545e-05 0.0
11.2969 0.0 5.80528e-05 0.0
11.3047 0.0 0.000138457 0.0
11.3125 0.0 0.000224531 0.0
11.3203 0.0 0.000316129 0.0
11.3281 0.0 0.000413099 0.0
11.3359 0.0 0.000515281 0.0
11.3438 0.0 0.000622509 0.0
11.3516 0.0 0.000734611 0.0
11.3594 0.0 0.000851408 0.0
11.3672 0.0 0.000972715 0.0
11.375 0.0 0.00109834 0.0
11.3828 0.0 0.0012281 0.0
11.3906 0.0 0.00136178 0.0
11.3984 0.0 0.00149918 0.0
11.4062 0.0 0.00164009 0.0
11.4141 0.0 0.0017843 0.0
11.4219 0.0 0.0019316 0.0
11.4297 0.0 0.00208176 0.0
11.4375 0.0 0.00223456 0.0
11.4453 0.0 0.00238979 0.0
11.4531 0.0 0.00254721 0.0
11.4609 0.0 0.00270659 0.0
11.4688 0.0 0.00286771 0.0
11.4766 0.0 0.00303033 0.0
11.4844 0.0 0.00319423 0.0
11.4922 0.0 0.00335917 0.0
11.5 0.0 0.00352492 0.0
11.5078 0.0 0.00369126 0.0
11.5156 0.0 0.00385795 0.0
11.5234 0.0 0.00402476 0.0
11.5312 0.0 0.00419147 0.0
11.5391 0.0 0.00435786 0.0
11.5469 0.0 0.00452369 0.0
11.5547 0.0 0.00468874 0.0
11.5625 0.0 0.00485281 0.0
11.5703 0.0 0.00501568 0.0
11.5781 0.0 0.00517712 0.0
11.5859 0.0 0.00533694 0.0
11.5938 0.0 0.00549494 0.0
11.6016 0.0 0.00565091 0.0
11.6094 0.0 0.00580465 0.0
11.6172 0.0 0.00595598 0.0
11.625 0.0 0.00610472 0.0
11.6328 0.0 0.00625068 0.0
11.6406 0.0 0.00639369 0.0
11.6484 0.0 0.00653357 0.0
11.6562 0.0 0.00667018 0.0
11.6641 0.0 0.00680335 0.0
11.6719 0.0 0.00693293 0.0
11.6797 0.0 0.00705877 0.0
11.6875 0.0 0.00718075 0.0
11.6953 0.0 0.00729874 0.0
11.7031 0.0 0.0074126 0.0
11.7109 0.0 0.00752222 0.0
11.7188 0.0 0.0076275 0.0
11.7266 0.0 0.00772833 0.0
11.7344 0.0 0.00782463 0.0
11.7422 0.0 0.0079163 0.0
11.75 0.0 0.00800326 0.0
11.7578 0.0 0.00808546 0.0
11.7656 0.0 0.00816281 0.0
11.7734 0.0 0.00823528 0.0
11.7812 0.0 0.00830281 0.0
11.7891 0.0 0.00836536 0.0
11.7969 0.0 0.0084229 0.0
11.8047 0.0 0.00847541 0.0
11.8125 0.0 0.00852287 0.0
11.8203 0.0 0.00856527 0.0
11.8281 0.0 0.00860262 0.0
11.8359 0.0 0.00863492 0.0
11.8438 0.0 0.00866219 0.0
11.8516 0.0 0.00868445 0.0
11.8594 0.0 0.00870172 0.0
11.8672 0.0 0.00871405 0.0
11.875 0.0 0.00872149 0.0
11.8828 0.0 0.00872407 0.0
11.8906 0.0 0.00872187 0.0
11.8984 0.0 0.00871495 0.0
11.9062 0.0 0.00870338 0.0
11.9141 0.0 0.00868724 0.0
11.9219 0.0 0.00866661 0.0
11.9297 0.0 0.00864159 0.0
11.9375 0.0 0.00861227 0.0
11.9453 0.0 0.00857876 0.0
11.9531 0.0 0.00854117 0.0
11.9609 0.0 0.00849961 0.0
11.9688 0.0 0.0084542 0.0
11.9766 0.0 0.00840506 0.0
11.9844 0.0 0.00835234 0.0
11.9922 0.0 0.00829615 0.0
12 0.0 0.00823664 0.0
12.0078 0.0 0.00817396 0.0
12.0156 0.0 0.00810824 0.0
12.0234 0.0 0.00803964 0.0
12.0312 0.0 0.00796832 0.0
12.0391 0.0 0.00789442 0.0
12.0469 0.0 0.00781812 0.0
12.0547 0.0 0.00773956 0.0
12.0625 0.0 0.00765892 0.0
12.0703 0.0 0.00757637 0.0
12.0781 0.0 0.00749207 0.0
12.0859 0.0 0.00740619 0.0
12.0938 0.0 0.0073189 0.0
12.1016 0.0 0.00723038 0.0
12.1094 0.0 0.0071408 0.0
12.1172 0.0 0.00705033 0.0
12.125 0.0 0.00695916 0.0
12.1328 0.0 0.00686744 0.0
12.1406 0.0 0.00677536 0.0
12.1484 0.0 0.00668309 0.0
12.1562 0.0 0.0065908 0.0
12.1641 0.0 0.00649866 0.0
12.1719 0.0 0.00640685 0.0
12.1797 0.0 0.00631553 0.0
12.1875 0.0 0.00622487 0.0
12.1953 0.0 0.00613503 0.0
12.2031 0.0 0.00604618 0.0
12.2109 0.0 0.00595848 0.0
12.2188 0.0 0.00587209 0.0
12.2266 0.0 0.00578715 0.0
12.2344 0.0 0.00570383 0.0
12.2422 0.0 0.00562227 0.0
12.25 0.0 0.00554262 0.0
12.2578 0.0 0.00546501 0.0
12.2656 0.0 0.00538958 0.0
12.2734 0.0 0.00531648 0.0
12.2812 0.0 0.00524582 0.0
12.2891 0.0 0.00517773 0.0
12.2969 0.0 0.00511233 0.0
12.3047 0.0 0.00504974 0.0
12.3125 0.0 0.00499006 0.0
12.3203 0.0 0.00493341 0.0
12.3281 0.0 0.00487988 0.0
12.3359 0.0 0.00482957 0.0
12.3438 0.0 0.00478256 0.0
12.3516 0.0 0.00473895 0.0
12.3594 0.0 0.00469881 0.0
12.3672 0.0 0.00466221 0.0
12.375 0.0 0.00462923 0.0
12.3828 0.0 0.00459992 0.0
12.3906 0.0 0.00457434 0.0
12.3984 0.0 0.00455254 0.0
12.4062 0.0 0.00453456 0.0
12.4141 0.0 0.00452045 0.0
12.4219 0.0 0.00451023 0.0
12.4297 0.0 0.00450393 0.0
12.4375 0.0 0.00450158 0.0
12.4453 0.0 0.00450318 0.0
12.4531 0.0 0.00450875 0.0
12.4609 0.0 0.00451829 0.0
12.4688 0.0 0.0045318 0.0
12.4766 0.0 0.00454926 0.0
12.4844 0.0 0.00457066 0.0
12.4922 0.0 0.00459599 0.0
12.5 0.0 0.00462522 0.0
12.5078 0.0 0.00465831 0.0
12.5156 0.0 0.00469522 0.0
12.5234 0.0 0.00473593 0.0
12.5312 0.0 0.00478037 0.0
12.5391 0.0 0.0048285 0.0
12.5469 0.0 0.00488026 0.0
12.5547 0.0 0.00493558 0.0
12.5625 0.0 0.0049944 0.0
12.5703 0.0 0.00505665 0.0
12.5781 0.0 0.00512225 0.0
12.5859 0.0 0.00519111 0.0
12.5938 0.0 0.00526316 0.0
12.6016 0.0 0.0053383 0.0
12.6094 0.0 0.00541644 0.0
12.6172 0.0 0.00549748 0.0
12.625 0.0 0.00558133 0.0
12.6328 0.0 0.00566788 0.0
12.6406 0.0 0.00575701 0.0
12.6484 0.0 0.00584863 0.0
12.6562 0.0 0.00594262 0.0
12.6641 0.0 0.00603885 0.0
12.6719 0.0 0.00613723 0.0
12.6797 0.0 0.00623761 0.0
12.6875 0.0 0.00633989 0.0
12.6953 0.0 0.00644393 0.0
12.7031 0.0 0.00654961 0.0
12.7109 0.0 0.00665681 0.0
12.7188 0.0 0.00676539 0.0
12.7266 0.0 0.00687522 0.0
12.7344 0.0 0.00698617 0.0
12.7422 0.0 0.00709812 0.0
12.75 0.0 0.00721093 0.0
12.7578 0.0 0.00732447 0.0
12.7656 0.0 0.0074386 0.0
12.7734 0.0 0.00755319 0.0
12.7812 0.0 0.00766812 0.0
12.7891 0.0 0.00778325 0.0
12.7969 0.0 0.00789845 0.0
12.8047 0.0 0.00801359 0.0
12.8125 0.0 0.00812855 0.0
12.8203 0.0 0.00824319 0.0
12.8281 0.0 0.00835739 0.0
12.8359 0.0 0.00847103 0.0
12.8438 0.0 0.00858398 0.0
12.8516 0.0 0.00869613 0.0
12.8594 0.0 0.00880736 0.0
12.8672 0.0 0.00891755 0.0
12.875 0.0 0.0090266 0.0
12.8828 0.0 0.00913438 0.0
12.8906 0.0 0.00924079 0.0
12.8984 0.0 0.00934573 0.0
12.9062 0.0 0.0094491 0.0
12.9141 0.0 0.0095508 0.0
12.9219 0.0 0.00965073 0.0
12.9297 0.0 0.00974881 0.0
12.9375 0.0 0.00984494 0.0
12.9453 0.0 0.00993904 0.0
12.9531 0.0 0.010031 0.0
12.9609 0.0 0.0101208 0.0
12.9688 0.0 0.0102084 0.0
12.9766 0.0 0.0102936 0.0
12.9844 0.0 0.0103765 0.0
12.9922 0.0 0.0104569 0.0
13 0.0 0.0105347 0.0
13.0078 0.0 0.0106101 0.0
13.0156 0.0 0.0106828 0.0
13.0234 0.0 0.0107529 0.0
13.0312 0.0 0.0108203 0.0
13.0391 0.0 0.010885 0.0
13.0469 0.0 0.0109469 0.0
13.0547 0.0 0.0110061 0.0
13.0625 0.0 0.0110625 0.0
13.0703 0.0 0.011116 0.0
13.0781 0.0 0.0111668 0.0
13.0859 0.0 0.0112147 0.0
13.0938 0.0 0.0112599 0.0
13.1016 0.0 0.0113021 0.0
13.1094 0.0 0.0113416 0.0
13.1172 0.0 0.0113783 0.0
13.125 0.0 0.0114122 0.0
13.1328 0.0 0.0114433 0.0
13.1406 0.0 0.0114716 0.0
13.1484 0.0 0.0114973 0.0
13.1562 0.0 0.0115202 0.0
13.1641 0.0 0.0115405 0.0
13.1719 0.0 0.0115582 0.0
13.1797 0.0 0.0115734 0.0
13.1875 0.0 0.011586 0.0
13.1953 0.0 0.0115961 0.0
13.2031 0.0 0.0116038 0.0
13.2109 0.0 0.0116092 0.0
13.2188 0.0 0.0116123 0.0
13.2266 0.0 0.0116132 0.0
13.2344 0.0 0.0116119 0.0
13.2422 0.0 0.0116085 0.0
13.25 0.0 0.0116031 0.0
13.2578 0.0 0.0115957 0.0
13.2656 0.0 0.0115865 0.0
13.2734 0.0 0.0115755 0.0
13.2812 0.0 0.0115628 0.0
13.2891 0.0 0.0115485 0.0
13.2969 0.0 0.0115327 0.0
13.3047 0.0 0.0115154 0.0
13.3125 0.0 0.0114968 0.0
13.3203 0.0 0.011477 0.0
13.3281 0.0 0.011456 0.0
13.3359 0.0 0.0114339 0.0
13.3438 0.0 0.0114109 0.0
13.3516 0.0 0.011387 0.0
13.3594 0.0 0.0113624 0.0
13.3672 0.0 0.011337 0.0
13.375 0.0 0.0113112 0.0
13.3828 0.0 0.0112848 0.0
13.3906 0.0 0.0112581 0.0
13.3984 0.0 0.0112311 0.0
13.4062 0.0 0.011204 0.0
13.4141 0.0 0.0111768 0.0
13.4219 0.0 0.0111496 0.0
13.4297 0.0 0.0111226 0.0
13.4375 0.0 0.0110958 0.0
13.4453 0.0 0.0110693 0.0
13.4531 0.0 0.0110432 0.0
13.4609 0.0 0.0110177 0.0
13.4688 0.0 0.0109928 0.0
13.4766 0.0 0.0109686 0.0
13.4844 0.0 0.0109453 0.0
13.4922 0.0 0.0109228 0.0
13.5 0.0 0.0109013 0.0
13.5078 0.0 0.0108808 0.0
13.5156 0.0 0.0108615 0.0
13.5234 0.0 0.0108435 0.0
13.5312 0.0 0.0108268 0.0
13.5391 0.0 0.0108114 0.0
13.5469 0.0 0.0107976 0.0
13.5547 0.0 0.0107853 0.0
13.5625 0.0 0.0107746 0.0
13.5703 0.0 0.0107655 0.0
13.5781 0.0 0.0107583 0.0
13.5859 0.0 0.0107528 0.0
13.5938 0.0 0.0107492 0.0
13.6016 0.0 0.0107475 0.0
13.6094 0.0 0.0107479 0.0
13.6172 0.0 0.0107502 0.0
13.625 0.0 0.0107546 0.0
13.6328 0.0 0.0107612 0.0
13.6406 0.0 0.0107699 0.0
13.6484 0.0 0.0107808 0.0
13.6562 0.0 0.0107939 0.0
13.6641 0.0 0.0108093 0.0
13.6719 0.0 0.010827 0.0
13.6797 0.0 0.010847 0.0
13.6875 0.0 0.0108693 0.0
13.6953 0.0 0.010894 0.0
13.7031 0.0 0.0109211 0.0
13.7109 0.0 0.0109505 0.0
13.7188 0.0 0.0109823 0.0
13.7266 0.0 0.0110165 0.0
13.7344 0.0 0.0110531 0.0
13.7422 0.0 0.0110921 0.0
13.75 0.0 0.0111334 0.0
13.7578 0.0 0.0111771 0.0
13.7656 0.0 0.0112232 0.0
13.7734 0.0 0.0112716 0.0
13.7812 0.0 0.0113224 0.0
13.7891 0.0 0.0113754 0.0
13.7969 0.0 0.0114307 0.0
13.8047 0.0 0.0114883 0.0
13.8125 0.0 0.011548 0.0
13.8203 0.0 0.0116099 0.0
13.8281 0.0 0.011674 0.0
13.8359 0.0 0.0117402 0.0
13.8438 0.0 0.0118084 0.0
13.8516 0.0 0.0118787 0.0
13.8594 0.0 0.0119509 0.0
13.8672 0.0 0.012025 0.0
13.875 0.0 0.012101 0.0
13.8828 0.0 0.0121788 0.0
13.8906 0.0 0.0122583 0.0
13.8984 0.0 0.0123396 0.0
13.9062 0.0 0.0124224 0.0
13.9141 0.0 0.0125069 0.0
13.9219 0.0 0.0125928 0.0
13.9297 0.0 0.0126802 0.0
13.9375 0.0 0.012769 0.0
13.9453 0.0 0.0128591 0.0
13.9531 0.0 0.0129504 0.0
13.9609 0.0 0.0130428 0.0
13.9688 0.0 0.0131364 0.0
13.9766 0.0 0.013231 0.0
13.9844 0.0 0.0133266 0.0
13.9922 0.0 0.013423 0.0
14 0.0 0.0135202 0.0
14.0078 0.0 0.0136181 0.0
14.0156 0.0 0.0137167 0.0
14.0234 0.0 0.0138159 0.0
14.0312 0.0 0.0139156 0.0
14.0391 0.0 0.0140156 0.0
14.0469 0.0 0.0141161 0.0
14.0547 0.0 0.0142168 0.0
14.0625 0.0 0.0143177 0.0
14.0703 0.0 0.0144187 0.0
14.0781 0.0 0.0145198 0.0
14.0859 0.0 0.0146209 0.0
14.0938 0.0 0.0147219 0.0
14.1016 0.0 0.0148227 0.0
14.1094 0.0 0.0149232 0.0
14.1172 0.0 0.0150235 0.0
14.125 0.0 0.0151234 0.0
14.1328 0.0 0.0152229 0.0
14.1406 0.0 0.0153218 0.0
14.1484 0.0 0.0154202 0.0
14.1562 0.0 0.0155179 0.0
14.1641 0.0 0.015615 0.0
14.1719 0.0 0.0157113 0.0
14.1797 0.0 0.0158068 0.0
14.1875 0.0 0.0159015 0.0
14.1953 0.0 0.0159952 0.0
14.2031 0.0 0.016088 0.0
14.2109 0.0 0.0161798 0.0
14.2188 0.0 0.0162705 0.0
14.2266 0.0 0.01636 0.0
14.2344 0.0 0.0164485 0.0
14.2422 0.0 0.0165358 0.0
14.25 0.0 0.0166218 0.0
14.2578 0.0 0.0167066 0.0
14.2656 0.0 0.0167901 0.0
14.2734 0.0 0.0168722 0.0
14.2812 0.0 0.016953 0.0
14.2891 0.0 0.0170325 0.0
14.2969 0.0 0.0171105 0.0
14.3047 0.0 0.0171871 0.0
14.3125 0.0 0.0172623 0.0
14.3203 0.0 0.0173361 0.0
14.3281 0.0 0.0174083 0.0
14.3359 0.0 0.0174791 0.0
14.3438 0.0 0.0175485 0.0
14.3516 0.0 0.0176163 0.0
14.3594 0.0 0.0176827 0.0
14.3672 0.0 0.0177475 0.0
14.375 0.0 0.0178109 0.0
14.3828 0.0 0.0178728 0.0
14.3906 0.0 0.0179333 0.0
14.3984 0.0 0.0179922 0.0
14.4062 0.0 0.0180498 0.0
14.4141 0.0 0.0181059 0.0
14.4219 0.0 0.0181606 0.0
14.4297 0.0 0.0182139 0.0
14.4375 0.0 0.0182658 0.0
14.4453 0.0 0.0183164 0.0
14.4531 0.0 0.0183657 0.0
14.4609 0.0 0.0184137 0.0
14.4688 0.0 0.0184604 0.0
14.4766 0.0 0.0185059 0.0
14.4844 0.0 0.0185502 0.0
14.4922 0.0 0.0185934 0.0
14.5 0.0 0.0186354 0.0
14.5078 0.0 0.0186764 0.0
14.5156 0.0 0.0187164 0.0
14.5234 0.0 0.0187553 0.0
14.5312 0.0 0.0187933 0.0
14.5391 0.0 0.0188305 0.0
14.5469 0.0 0.0188667 0.0
14.5547 0.0 0.0189022 0.0
14.5625 0.0 0.018937 0.0
14.5703 0.0 0.018971 0.0
14.5781 0.0 0.0190044 0.0
14.5859 0.0 0.0190372 0.0
14.5938 0.0 0.0190695 0.0
14.6016 0.0 0.0191013 0.0
14.6094 0.0 0.0191326 0.0
14.6172 0.0 0.0191636 0.0
14.625 0.0 0.0191943 0.0
14.6328 0.0 0.0192248 0.0
14.6406 0.0 0.019255 0.0
14.6484 0.0 0.0192852 0.0
14.6562 0.0 0.0193152 0.0
14.6641 0.0 0.0193452 0.0
14.6719 0.0 0.0193753 0.0
14.6797 0.0 0.0194055 0.0
14.6875 0.0 0.0194358 0.0
14.6953 0.0 0.0194663 0.0
14.7031 0.0 0.0194972 0.0
14.7109 0.0 0.0195283 0.0
14.7188 0.0 0.0195599 0.0
14.7266 0.0 0.0195918 0.0
14.7344 0.0 0.0196243 0.0
14.7422 0.0 0.0196574 0.0
14.75 0.0 0.019691 0.0
14.7578 0.0 0.0197253 0.0
14.7656 0.0 0.0197604 0.0
14.7734 0.0 0.0197961 0.0
14.7812 0.0 0.0198327 0.0
14.7891 0.0 0.0198702 0.0
14.7969 0.0 0.0199086 0.0
14.8047 0.0 0.0199479 0.0
14.8125 0.0 0.0199883 0.0
14.8203 0.0 0.0200297 0.0
14.8281 0.0 0.0200722 0.0
14.8359 0.0 0.0201158 0.0
14.8438 0.0 0.0201605 0.0
14.8516 0.0 0.0202065 0.0
14.8594 0.0 0.0202537 0.0
14.8672 0.0 0.0203022 0.0
14.875 0.0 0.0203521 0.0
14.8828 0.0 0.0204032 0.0
14.8906 0.0 0.0204557 0.0
14.8984 0.0 0.0205096 0.0
14.9062 0.0 0.0205649 0.0
14.9141 0.0 0.0206217 0.0
14.9219 0.0 0.0206799 0.0
14.9297 0.0 0.0207397 0.0
14.9375 0.0 0.0208009 0.0
14.9453 0.0 0.0208636 0.0
14.9531 0.0 0.0209278 0.0
14.9609 0.0 0.0209936 0.0
14.9688 0.0 0.021061 0.0
14.9766 0.0 0.0211299 0.0
14.9844 0.0 0.0212004 0.0
14.9922 0.0 0.0212724 0.0
15 0.0 0.021346 0.0
15.0078 0.0 0.0214212 0.0
15.0156 0.0 0.0214979 0.0
15.0234 0.0 0.0215762 0.0
15.0312 0.0 0.0216561 0.0
15.0391 0.0 0.0217375 0.0
15.0469 0.0 0.0218204 0.0
15.0547 0.0 0.0219049 0.0
15.0625 0.0 0.0219909 0.0
15.0703 0.0 0.0220783 0.0
15.0781 0.0 0.0221673 0.0
15.0859 0.0 0.0222577 0.0
15.0938 0.0 0.0223496 0.0
15.1016 0.0 0.0224429 0.0
15.1094 0.0 0.0225376 0.0
15.1172 0.0 0.0226337 0.0
15.125 0.0 0.0227311 0.0
15.1328 0.0 0.0228298 0.0
15.1406 0.0 0.0229298 0.0
15.1484 0.0 0.0230311 0.0
15.1562 0.0 0.0231337 0.0
15.1641 0.0 0.0232374 0.0
15.1719 0.0 0.0233423 0.0
15.1797 0.0 0.0234483 0.0
15.1875 0.0 0.0235554 0.0
15.1953 0.0 0.0236636 0.0
15.2031 0.0 0.0237728 0.0
15.2109 0.0 0.0238829 0.0
15.2188 0.0 0.0239941 0.0
15.2266 0.0 0.0241061 0.0
15.2344 0.0 0.024219 0.0
15.2422 0.0 0.0243327 0.0
15.25 0.0 0.0244471 0.0
15.2578 0.0 0.0245624 0.0
15.2656 0.0 0.0246783 0.0
15.2734 0.0 0.0247949 0.0
15.2812 0.0 0.0249121 0.0
15.2891 0.0 0.0250298 0.0
15.2969 0.0 0.0251481 0.0
15.3047 0.0 0.0252669 0.0
15.3125 0.0 0.0253861 0.0
15.3203 0.0 0.0255057 0.0
15.3281 0.0 0.0256257 0.0
15.3359 0.0 0.0257459 0.0
15.3438 0.0 0.0258665 0.0
15.3516 0.0 0.0259873 0.0
15.3594 0.0 0.0261082 0.0
15.3672 0.0 0.0262293 0.0
15.375 0.0 0.0263506 0.0
15.3828 0.0 0.0264719 0.0
15.3906 0.0 0.0265932 0.0
15.3984 0.0 0.0267145 0.0
15.4062 0.0 0.0268358 0.0
15.4141 0.0 0.026957 0.0
15.4219 0.0 0.027078 0.0
15.4297 0.0 0.027199 0.0
15.4375 0.0 0.0273197 0.0
15.4453 0.0 0.0274402 0.0
15.4531 0.0 0.0275605 0.0
15.4609 0.0 0.0276805 0.0
15.4688 0.0 0.0278002 0.0
15.4766 0.0 0.0279195 0.0
15.4844 0.0 0.0280385 0.0
15.4922 0.0 0.0281571 0.0
15.5 0.0 0.0282753 0.0
15.5078 0.0 0.028393 0.0
15.5156 0.0 0.0285103 0.0
15.5234 0.0 0.0286271 0.0
15.5312 0.0 0.0287435 0.0
15.5391 0.0 0.0288593 0.0
15.5469 0.0 0.0289745 0.0
15.5547 0.0 0.0290893 0.0
15.5625 0.0 0.0292034 0.0
15.5703 0.0 0.029317 0.0
15.5781 0.0 0.0294301 0.0
15.5859 0.0 0.0295425 0.0
15.5938 0.0 0.0296544 0.0
15.6016 0.0 0.0297656 0.0
15.6094 0.0 0.0298763 0.0
15.6172 0.0 0.0299863 0.0
15.625 0.0 0.0300957 0.0
15.6328 0.0 0.0302046 0.0
15.6406 0.0 0.0303128 0.0
15.6484 0.0 0.0304204 0.0
15.6562 0.0 0.0305274 0.0
15.6641 0.0 0.0306339 0.0
15.6719 0.0 0.0307397 0.0
15.6797 0.0 0.030845 0.0
15.6875 0.0 0.0309498 0.0
15.6953 0.0 0.0310539 0.0
15.7031 0.0 0.0311576 0.0
15.7109 0.0 0.0312607 0.0
15.7188 0.0 0.0313633 0.0
15.7266 0.0 0.0314654 0.0
15.7344 0.0 0.0315671 0.0
15.7422 0.0 0.0316683 0.0
15.75 0.0 0.0317691 0.0
15.7578 0.0 0.0318694 0.0
15.7656 0.0 0.0319694 0.0
15.7734 0.0 0.0320691 0.0
15.7812 0.0 0.0321683 0.0
15.7891 0.0 0.0322673 0.0
15.7969 0.0 0.032366 0.0
15.8047 0.0 0.0324645 0.0
15.8125 0.0 0.0325627 0.0
15.8203 0.0 0.0326607 0.0
15.8281 0.0 0.0327586 0.0
15.8359 0.0 0.0328563 0.0
15.8438 0.0 0.0329539 0.0
15.8516 0.0 0.0330514 0.0
15.8594 0.0 0.0331489 0.0
15.8672 0.0 0.0332464 0.0
15.875 0.0 0.0333439 0.0
15.8828 0.0 0.0334415 0.0
15.8906 0.0 0.0335392 0.0
15.8984 0.0 0.0336369 0.0
15.9062 0.0 0.0337349 0.0
15.9141 0.0 0.0338331 0.0
15.9219 0.0 0.0339315 0.0
15.9297 0.0 0.0340301 0.0
15.9375 0.0 0.0341291 0.0
15.9453 0.0 0.0342284 0.0
15.9531 0.0 0.034328 0.0
15.9609 0.0 0.0344281 0.0
15.9688 0.0 0.0345286 0.0
15.9766 0.0 0.0346296 0.0
15.9844 0.0 0.0347312 0.0
15.9922 0.0 0.0348332 0.0
16 0.0 0.0349358 0.0
16.0078 0.0 0.0350391 0.0
16.0156 0.0 0.035143 0.0
16.0234 0.0 0.0352476 0.0
16.0312 0.0 0.0353528 0.0
16.0391 0.0 0.0354588 0.0
16.0469 0.0 0.0355656 0.0
16.0547 0.0 0.0356732 0.0
16.0625 0.0 0.0357816 0.0
16.0703 0.0 0.0358909 0.0
16.0781 0.0 0.0360011 0.0
16.0859 0.0 0.0361122 0.0
16.0938 0.0 0.0362242 0.0
16.1016 0.0 0.0363371 0.0
16.1094 0.0 0.0364511 0.0
16.1172 0.0 0.0365661 0.0
16.125 0.0 0.0366821 0.0
16.1328 0.0 0.0367991 0.0
16.1406 0.0 0.0369173 0.0
16.1484 0.0 0.0370365 0.0
16.1562 0.0 0.0371569 0.0
16.1641 0.0 0.0372783 0.0
16.1719 0.0 0.037401 0.0
16.1797 0.0 0.0375247 0.0
16.1875 0.0 0.0376497 0.0
16.1953 0.0 0.0377759 0.0
16.2031 0.0 0.0379032 0.0
16.2109 0.0 0.0380318 0.0
16.2188 0.0 0.0381616 0.0
16.2266 0.0 0.0382926 0.0
16.2344 0.0 0.0384248 0.0
16.2422 0.0 0.0385583 0.0
16.25 0.0 0.0386931 0.0
16.2578 0.0 0.0388291 0.0
16.2656 0.0 0.0389663 0.0
16.2734 0.0 0.0391048 0.0
16.2812 0.0 0.0392446 0.0
16.2891 0.0 0.0393856 0.0
16.2969 0.0 0.0395279 0.0
16.3047 0.0 0.0396715 0.0
16.3125 0.0 0.0398162 0.0
16.3203 0.0 0.0399623 0.0
16.3281 0.0 0.0401095 0.0
16.3359 0.0 0.040258 0.0
16.3438 0.0 0.0404078 0.0
16.3516 0.0 0.0405587 0.0
16.3594 0.0 0.0407108 0.0
16.3672 0.0 0.0408642 0.0
16.375 0.0 0.0410187 0.0
16.3828 0.0 0.0411744 0.0
16.3906 0.0 0.0413312 0.0
16.3984 0.0 0.0414892 0.0
16.4062 0.0 0.0416483 0.0
16.4141 0.0 0.0418086 0.0
16.4219 0.0 0.0419699 0.0
16.4297 0.0 0.0421323 0.0
16.4375 0.0 0.0422957 0.0
16.4453 0.0 0.0424602 0.0
16.4531 0.0 0.0426258 0.0
16.4609 0.0 0.0427923 0.0
16.4688 0.0 0.0429598 0.0
16.4766 0.0 0.0431283 0.0
16.4844 0.0 0.0432977 0.0
16.4922 0.0 0.043468 0.0
16.5 0.0 0.0436393 0.0
16.5078 0.0 0.0438114 0.0
16.5156 0.0 0.0439843 0.0
16.5234 0.0 0.0441581 0.0
16.5312 0.0 0.0443327 0.0
16.5391 0.0 0.0445081 0.0
16.5469 0.0 0.0446842 0.0
16.5547 0.0 0.0448611 0.0
16.5625 0.0 0.0450387 0.0
16.5703 0.0 0.045217 0.0
16.5781 0.0 0.0453959 0.0
16.5859 0.0 0.0455755 0.0
16.5938 0.0 0.0457558 0.0
16.6016 0.0 0.0459366 0.0
16.6094 0.0 0.046118 0.0
16.6172 0.0 0.0462999 0.0
16.625 0.0 0.0464824 0.0
16.6328 0.0 0.0466653 0.0
16.6406 0.0 0.0468488 0.0
16.6484 0.0 0.0470327 0.0
16.6562 0.0 0.0472171 0.0
16.6641 0.0 0.0474019 0.0
16.6719 0.0 0.047587 0.0
16.6797 0.0 0.0477726 0.0
16.6875 0.0 0.0479585 0.0
16.6953 0.0 0.0481448 0.0
16.7031 0.0 0.0483314 0.0
16.7109 0.0 0.0485183 0.0
16.7188 0.0 0.0487055 0.0
16.7266 0.0 0.048893 0.0
16.7344 0.0 0.0490807 0.0
16.7422 0.0 0.0492686 0.0
16.75 0.0 0.0494568 0.0
16.7578 0.0 0.0496452 0.0
16.7656 0.0 0.0498339 0.0
16.7734 0.0 0.0500227 0.0
16.7812 0.0 0.0502116 0.0
16.7891 0.0 0.0504008 0.0
16.7969 0.0 0.0505901 0.0
16.8047 0.0 0.0507795 0.0
16.8125 0.0 0.0509691 0.0
16.8203 0.0 0.0511588 0.0
16.8281 0.0 0.0513487 0.0
16.8359 0.0 0.0515387 0.0
16.8438 0.0 0.0517288 0.0
16.8516 0.0 0.051919 0.0
16.8594 0.0 0.0521093 0.0
16.8672 0.0 0.0522997 0.0
16.875 0.0 0.0524903 0.0
16.8828 0.0 0.0526809 0.0
16.8906 0.0 0.0528717 0.0
16.8984 0.0 0.0530625 0.0
16.9062 0.0 0.0532535 0.0
16.9141 0.0 0.0534446 0.0
16.9219 0.0 0.0536358 0.0
16.9297 0.0 0.0538272 0.0
16.9375 0.0 0.0540186 0.0
16.9453 0.0 0.0542103 0.0
16.9531 0.0 0.054402 0.0
16.9609 0.0 0.0545939 0.0
16.9688 0.0 0.054786 0.0
16.9766 0.0 0.0549783 0.0
16.9844 0.0 0.0551707 0.0
16.9922 0.0 0.0553633 0.0
17 0.0 0.0555562 0.0
17.0078 0.0 0.0557493 0.0
17.0156 0.0 0.0559426 0.0
17.0234 0.0 0.0561361 0.0
17.0312 0.0 0.0563299 0.0
17.0391 0.0 0.056524 0.0
17.0469 0.0 0.0567184 0.0
17.0547 0.0 0.0569131 0.0
17.0625 0.0 0.0571082 0.0
17.0703 0.0 0.0573035 0.0
17.0781 0.0 0.0574993 0.0
17.0859 0.0 0.0576954 0.0
17.0938 0.0 0.057892 0.0
17.1016 0.0 0.058089 0.0
17.1094 0.0 0.0582864 0.0
17.1172 0.0 0.0584843 0.0
17.125 0.0 0.0586826 0.0
17.1328 0.0 0.0588815 0.0
17.1406 0.0 0.0590809 0.0
17.1484 0.0 0.0592809 0.0
17.1562 0.0 0.0594814 0.0
17.1641 0.0 0.0596825 0.0
17.1719 0.0 0.0598843 0.0
17.1797 0.0 0.0600866 0.0
17.1875 0.0 0.0602897 0.0
17.1953 0.0 0.0604934 0.0
17.2031 0.0 0.0606979 0.0
17.2109 0.0 0.060903 0.0
17.2188 0.0 0.061109 0.0
17.2266 0.0 0.0613157 0.0
17.2344 0.0 0.0615232 0.0
17.2422 0.0 0.0617315 0.0
17.25 0.0 0.0619406 0.0
17.2578 0.0 0.0621507 0.0
17.2656 0.0 0.0623616 0.0
17.2734 0.0 0.0625734 0.0
17.2812 0.0 0.0627862 0.0
17.2891 0.0 0.0629999 0.0
17.2969 0.0 0.0632146 0.0
17.3047 0.0 0.0634302 0.0
17.3125 0.0 0.0636469 0.0
17.3203 0.0 0.0638646 0.0
17.3281 0.0 0.0640834 0.0
17.3359 0.0 0.0643033 0.0
17.3438 0.0 0.0645242 0.0
17.3516 0.0 0.0647462 0.0
17.3594 0.0 0.0649694 0.0
17.3672 0.0 0.0651937 0.0
17.375 0.0 0.0654192 0.0
17.3828 0.0 0.0656459 0.0
17.3906 0.0 0.0658737 0.0
17.3984 0.0 0.0661028 0.0
17.4062 0.0 0.0663331 0.0
17.4141 0.0 0.0665646 0.0
17.4219 0.0 0.0667974 0.0
17.4297 0.0 0.0670314 0.0
17.4375 0.0 0.0672667 0.0
17.4453 0.0 0.0675033 0.0
17.4531 0.0 0.0677412 0.0
17.4609 0.0 0.0679804 0.0
17.4688 0.0 0.0682209 0.0
17.4766 0.0 0.0684628 0.0
17.4844 0.0 0.0687059 0.0
17.4922 0.0 0.0689505 0.0
17.5 0.0 0.0691963 0.0
17.5078 0.0 0.0694436 0.0
17.5156 0.0 0.0696922 0.0
17.5234 0.0 0.0699421 0.0
17.5312 0.0 0.0701935 0.0
17.5391 0.0 0.0704462 0.0
17.5469 0.0 0.0707003 0.0
17.5547 0.0 0.0709558 0.0
17.5625 0.0 0.0712126 0.0
17.5703 0.0 0.0714709 0.0
17.5781 0.0 0.0717305 0.0
17.5859 0.0 0.0719915 0.0
17.5938 0.0 0.0722539 0.0
17.6016 0.0 0.0725177 0.0
17.6094 0.0 0.0727829 0.0
17.6172 0.0 0.0730494 0.0
17.625 0.0 0.0733173 0.0
17.6328 0.0 0.0735866 0.0
17.6406 0.0 0.0738573 0.0
17.6484 0.0 0.0741293 0.0
17.6562 0.0 0.0744027 0.0
17.6641 0.0 0.0746775 0.0
17.6719 0.0 0.0749536 0.0
17.6797 0.0 0.075231 0.0
17.6875 0.0 0.0755098 0.0
17.6953 0.0 0.0757899 0.0
17.7031 0.0 0.0760713 0.0
17.7109 0.0 0.076354 0.0
17.7188 0.0 0.0766381 0.0
17.7266 0.0 0.0769234 0.0
17.7344 0.0 0.07721 0.0
17.7422 0.0 0.0774979 0.0
17.75 0.0 0.0777871 0.0
17.7578 0.0 0.0780775 0.0
17.7656 0.0 0.0783692 0.0
17.7734 0.0 0.0786621 0.0
17.7812 0.0 0.0789562 0.0
17.7891 0.0 0.0792516 0.0
17.7969 0.0 0.0795481 0.0
17.8047 0.0 0.0798459 0.0
17.8125 0.0 0.0801448 0.0
17.8203 0.0 0.0804449 0.0
17.8281 0.0 0.0807462 0.0
17.8359 0.0 0.0810486 0.0
17.8438 0.0 0.0813522 0.0
17.8516 0.0 0.0816569 0.0
17.8594 0.0 0.0819627 0.0
17.8672 0.0 0.0822696 0.0
17.875 0.0 0.0825776 0.0
17.8828 0.0 0.0828867 0.0
17.8906 0.0 0.0831969 0.0
17.8984 0.0 0.0835082 0.0
17.9062 0.0 0.0838205 0.0
17.9141 0.0 0.0841338 0.0
17.9219 0.0 0.0844482 0.0
17.9297 0.0 0.0847636 0.0
17.9375 0.0 0.08508 0.0
17.9453 0.0 0.0853975 0.0
17.9531 0.0 0.0857159 0.0
17.9609 0.0 0.0860353 0.0
17.9688 0.0 0.0863558 0.0
17.9766 0.0 0.0866772 0.0
17.9844 0.0 0.0869995 0.0
17.9922 0.0 0.0873229 0.0
18 0.0 0.0876471 0.0
18.0078 0.0 0.0879724 0.0
18.0156 0.0 0.0882986 0.0
18.0234 0.0 0.0886257 0.0
18.0312 0.0 0.0889537 0.0
18.0391 0.0 0.0892827 0.0
18.0469 0.0 0.0896126 0.0
18.0547 0.0 0.0899435 0.0
18.0625 0.0 0.0902752 0.0
18.0703 0.0 0.0906079 0.0
18.0781 0.0 0.0909415 0.0
18.0859 0.0 0.0912761 0.0
18.0938 0.0 0.0916115 0.0
18.1016 0.0 0.0919478 0.0
18.1094 0.0 0.0922851 0.0
18.1172 0.0 0.0926233 0.0
18.125 0.0 0.0929624 0.0
18.1328 0.0 0.0933024 0.0
18.1406 0.0 0.0936434 0.0
18.1484 0.0 0.0939852 0.0
18.1562 0.0 0.0943281 0.0
18.1641 0.0 0.0946718 0.0
18.1719 0.0 0.0950165 0.0
18.1797 0.0 0.0953621 0.0
18.1875 0.0 0.0957087 0.0
18.1953 0.0 0.0960562 0.0
18.2031 0.0 0.0964047 0.0
18.2109 0.0 0.0967542 0.0
18.2188 0.0 0.0971046 0.0
18.2266 0.0 0.0974561 0.0
18.2344 0.0 0.0978085 0.0
18.2422 0.0 0.0981619 0.0
18.25 0.0 0.0985164 0.0
18.2578 0.0 0.0988718 0.0
18.2656 0.0 0.0992284 0.0
18.2734 0.0 0.0995859 0.0
18.2812 0.0 0.0999445 0.0
18.2891 0.0 0.100304 0.0
18.2969 0.0 0.100665 0.0
18.3047 0.0 0.101027 0.0
18.3125 0.0 0.10139 0.0
18.3203 0.0 0.101754 0.0
18.3281 0.0 0.102119 0.0
18.3359 0.0 0.102486 0.0
18.3438 0.0 0.102853 0.0
18.3516 0.0 0.103222 0.0
18.3594 0.0 0.103592 0.0
18.3672 0.0 0.103963 0.0
18.375 0.0 0.104335 0.0
18.3828 0.0 0.104709 0.0
18.3906 0.0 0.105084 0.0
18.3984 0.0 0.10546 0.0
18.4062 0.0 0.105838 0.0
18.4141 0.0 0.106216 0.0
18.4219 0.0 0.106596 0.0
18.4297 0.0 0.106978 0.0
18.4375 0.0 0.107361 0.0
18.4453 0.0 0.107745 0.0
18.4531 0.0 0.10813 0.0
18.4609 0.0 0.108517 0.0
18.4688 0.0 0.108906 0.0
18.4766 0.0 0.109296 0.0
18.4844 0.0 0.109687 0.0
18.4922 0.0 0.11008 0.0
18.5 0.0 0.110474 0.0
18.5078 0.0 0.11087 0.0
18.5156 0.0 0.111268 0.0
18.5234 0.0 0.111667 0.0
18.5312 0.0 0.112067 0.0
18.5391 0.0 0.112469 0.0
18.5469 0.0 0.112873 0.0
18.5547 0.0 0.113278 0.0
18.5625 0.0 0.113685 0.0
18.5703 0.0 0.114094 0.0
18.5781 0.0 0.114505 0.0
18.5859 0.0 0.114917 0.0
18.5938 0.0 0.11533 0.0
18.6016 0.0 0.115746 0.0
18.6094 0.0 0.116163 0.0
18.6172 0.0 0.116582 0.0
18.625 0.0 0.117003 0.0
18.6328 0.0 0.117425 0.0
18.6406 0.0 0.11785 0.0
18.6484 0.0 0.118276 0.0
18.6562 0.0 0.118704 0.0
18.6641 0.0 0.119134 0.0
18.6719 0.0 0.119565 0.0
18.6797 0.0 0.119999 0.0
18.6875 0.0 0.120434 0.0
18.6953 0.0 0.120872 0.0
18.7031 0.0 0.121311 0.0
18.7109 0.0 0.121752 0.0
18.7188 0.0 0.122195 0.0
18.7266 0.0 0.122641 0.0
18.7344 0.0 0.123088 0.0
18.7422 0.0 0.123537 0.0
18.75 0.0 0.123988 0.0
18.7578 0.0 0.124441 0.0
18.7656 0.0 0.124896 0.0
18.7734 0.0 0.125353 0.0
18.7812 0.0 0.125811 0.0
18.7891 0.0 0.126272 0.0
18.7969 0.0 0.126736 0.0
18.8047 0.0 0.127201 0.0
18.8125 0.0 0.127668 0.0
18.8203 0.0 0.128137 0.0
18.8281 0.0 0.128608 0.0
18.8359 0.0 0.129081 0.0
18.8438 0.0 0.129557 0.0
18.8516 0.0 0.130034 0.0
18.8594 0.0 0.130514 0.0
18.8672 0.0 0.130995 0.0
18.875 0.0 0.131479 0.0
18.8828 0.0 0.131965 0.0
18.8906 0.0 0.132453 0.0
18.8984 0.0 0.132943 0.0
18.9062 0.0 0.133435 0.0
18.9141 0.0 0.133929 0.0
18.9219 0.0 0.134425 0.0
18.9297 0.0 0.134924 0.0
18.9375 0.0 0.135424 0.0
18.9453 0.0 0.135927 0.0
18.9531 0.0 0.136432 0.0
18.9609 0.0 0.136939 0.0
18.9688 0.0 0.137448 0.0
18.9766 0.0 0.137959 0.0
18.9844 0.0 0.138472 0.0
18.9922 0.0 0.138988 0.0
19 0.0 0.139505 0.0
19.0078 0.0 0.140025 0.0
19.0156 0.0 0.140546 0.0
19.0234 0.0 0.14107 0.0
19.0312 0.0 0.141596 0.0
19.0391 0.0 0.142124 0.0
19.0469 0.0 0.142655 0.0
19.0547 0.0 0.143187 0.0
19.0625 0.0 0.143721 0.0
19.0703 0.0 0.144258 0.0
19.0781 0.0 0.144797 0.0
19.0859 0.0 0.145338 0.0
19.0938 0.0 0.145881 0.0
19.1016 0.0 0.146426 0.0
19.1094 0.0 0.146973 0.0
19.1172 0.0 0.147522 0.0
19.125 0.0 0.148074 0.0
19.1328 0.0 0.148627 0.0
19.1406 0.0 0.149183 0.0
19.1484 0.0 0.149741 0.0
19.1562 0.0 0.1503 0.0
19.1641 0.0 0.150862 0.0
19.1719 0.0 0.151427 0.0
19.1797 0.0 0.151993 0.0
19.1875 0.0 0.152561 0.0
19.1953 0.0 0.153132 0.0
19.2031 0.0 0.153704 0.0
19.2109 0.0 0.154279 0.0
19.2188 0.0 0.154856 0.0
19.2266 0.0 0.155435 0.0
19.2344 0.0 0.156016 0.0
19.2422 0.0 0.156599 0.0
19.25 0.0 0.157184 0.0
19.2578 0.0 0.157772 0.0
19.2656 0.0 0.158361 0.0
19.2734 0.0 0.158953 0.0
19.2812 0.0 0.159547 0.0
19.2891 0.0 0.160143 0.0
19.2969 0.0 0.160741 0.0
19.3047 0.0 0.161341 0.0
19.3125 0.0 0.161944 0.0
19.3203 0.0 0.162548 0.0
19.3281 0.0 0.163155 0.0
19.3359 0.0 0.163764 0.0
19.3438 0.0 0.164375 0.0
19.3516 0.0 0.164988 0.0
19.3594 0.0 0.165604 0.0
19.3672 0.0 0.166222 0.0
19.375 0.0 0.166841 0.0
19.3828 0.0 0.167464 0.0
19.3906 0.0 0.168088 0.0
19.3984 0.0 0.168714 0.0
19.4062 0.0 0.169343 0.0
19.4141 0.0 0.169974 0.0
19.4219 0.0 0.170607 0.0
19.4297 0.0 0.171243 0.0
19.4375 0.0 0.171881 0.0
19.4453 0.0 0.172521 0.0
19.4531 0.0 0.173163 0.0
19.4609 0.0 0.173808 0.0
19.4688 0.0 0.174455 0.0
19.4766 0.0 0.175104 0.0
19.4844 0.0 0.175756 0.0
19.4922 0.0 0.17641 0.0
19.5 0.0 0.177066 0.0
19.5078 0.0 0.177725 0.0
19.5156 0.0 0.178386 0.0
19.5234 0.0 0.17905 0.0
19.5312 0.0 0.179716 0.0
19.5391 0.0 0.180384 0.0
19.5469 0.0 0.181055 0.0
19.5547 0.0 0.181729 0.0
19.5625 0.0 0.182405 0.0
19.5703 0.0 0.183083 0.0
19.5781 0.0 0.183764 0.0
19.5859 0.0 0.184447 0.0
19.5938 0.0 0.185133 0.0
19.6016 0.0 0.185822 0.0
19.6094 0.0 0.186513 0.0
19.6172 0.0 0.187207 0.0
19.625 0.0 0.187903 0.0
19.6328 0.0 0.188602 0.0
19.6406 0.0 0.189303 0.0
19.6484 0.0 0.190008 0.0
19.6562 0.0 0.190715 0.0
19.6641 0.0 0.191424 0.0
19.6719 0.0 0.192137 0.0
19.6797 0.0 0.192852 0.0
19.6875 0.0 0.19357 0.0
19.6953 0.0 0.194291 0.0
19.7031 0.0 0.195014 0.0
19.7109 0.0 0.195741 0.0
19.7188 0.0 0.19647 0.0
19.7266 0.0 0.197202 0.0
19.7344 0.0 0.197937 0.0
19.7422 0.0 0.198675 0.0
19.75 0.0 0.199416 0.0
19.7578 0.0 0.200159 0.0
19.7656 0.0 0.200906 0.0
19.7734 0.0 0.201656 0.0
19.7812 0.0 0.202408 0.0
19.7891 0.0 0.203164 0.0
19.7969 0.0 0.203923 0.0
19.8047 0.0 0.204685 0.0
19.8125 0.0 0.20545 0.0
19.8203 0.0 0.206218 0.0
19.8281 0.0 0.206989 0.0
19.8359 0.0 0.207763 0.0
19.8438 0.0 0.208541 0.0
19.8516 0.0 0.209322 0.0
19.8594 0.0 0.210105 0.0
19.8672 0.0 0.210893 0.0
19.875 0.0 0.211683 0.0
19.8828 0.0 0.212477 0.0
19.8906 0.0 0.213274 0.0
19.8984 0.0 0.214074 0.0
19.9062 0.0 0.214877 0.0
19.9141 0.0 0.215684 0.0
19.9219 0.0 0.216495 0.0
19.9297 0.0 0.217308 0.0
19.9375 0.0 0.218125 0.0
19.9453 0.0 0.218946 0.0
19.9531 0.0 0.21977 0.0
19.9609 0.0 0.220597 0.0
19.9688 0.0 0.221428 0.0
19.9766 0.0 0.222263 0.0
19.9844 0.0 0.2231 0.0
19.9922 0.0 0.223942 0.0
20 0.0 0.224787 0.0
