-1  0 1  0
-0.9921875  0 1  0
-0.984375  0 1  0
-0.9765625  0 1  0
-0.96875  0 1  0
-0.9609375  0 1  0
-0.953125  0 1  0
-0.9453125  0 1  0
-0.9375  0 1  0
-0.9296875  0 1  0
-0.921875  0 1  0
-0.9140625  0 1  0
-0.90625  0 1  0
-0.8984375  0 1  0
-0.890625  0 1  0
-0.8828125  0 1  0
-0.875  0 1  0
-0.8671875  0 1  0
-0.859375  0 1  0
-0.8515625  0 1  0
-0.84375  0 1  0
-0.8359375  0 1  0
-0.828125  0 1  0
-0.8203125  0 1  0
-0.8125  0 1  0
-0.8046875  0 1  0
-0.796875  0 1  0
-0.7890625  0 1  0
-0.78125  0 1  0
-0.7734375  0 1  0
-0.765625  0 1  0
-0.7578125  0 1  0
-0.75  0 1  0
-0.7421875  0 1  0
-0.734375  0 1  0
-0.7265625  0 1  0
-0.71875  0 1  0
-0.7109375  0 1  0
-0.703125  0 1  0
-0.6953125  0 1  0
-0.6875  0 1  0
-0.6796875  0 1  0
-0.671875  0 1  0
-0.6640625  0 1  0
-0.65625  0 1  0
-0.6484375  0 1  0
-0.640625  0 1  0
-0.6328125  0 1  0
-0.625  0 1  0
-0.6171875  0 1  0
-0.609375  0 1  0
-0.6015625  0 1  0
-0.59375  0 1  0
-0.5859375  0 1  0
-0.578125  0 1  0
-0.5703125  0 1  0
-0.5625  0 1  0
-0.5546875  0 1  0
-0.546875  0 1  0
-0.5390625  0 1  0
-0.53125  0 1  0
-0.5234375  0 1  0
-0.515625  0 1  0
-0.5078125  0 1  0
-0.5  0 1  0
-0.4921875  0 1  0
-0.484375  0 1  0
-0.4765625  0 1  0
-0.46875  0 1  0
-0.4609375  0 1  0
-0.453125  0 1  0
-0.4453125  0 1  0
-0.4375  0 1  0
-0.4296875  0 1  0
-0.421875  0 1  0
-0.4140625  0 1  0
-0.40625  0 1  0
-0.3984375  0 1  0
-0.390625  0 1  0
-0.3828125  0 1  0
-0.375  0 1  0
-0.3671875  0 1  0
-0.359375  0 1  0
-0.3515625  0 1  0
-0.34375  0 1  0
-0.3359375  0 1  0
-0.328125  0 1  0
-0.3203125  0 1  0
-0.3125  0 1  0
-0.3046875  0 1  0
-0.296875  0 1  0
-0.2890625  0 1  0
-0.28125  0 1  0
-0.2734375  0 1  0
-0.265625  0 1  0
-0.2578125  0 1  0
-0.25  0 1  0
-0.2421875  0 1  0
-0.234375  0 1  0
-0.2265625  0 1  0
-0.21875  0 1  0
-0.2109375  0 1  0
-0.203125  0 1  0
-0.1953125  0 1  0
-0.1875  0 1  0
-0.1796875  0 1  0
-0.171875  0 1  0
-0.1640625  0 1  0
-0.15625  0 1  0
-0.1484375  0 1  0
-0.140625  0 1  0
-0.1328125  0 1  0
-0.125  0 1  0
-0.1171875  0 1  0
-0.109375  0 1  0
-0.1015625  0 1  0
-0.09375  0 1  0
-0.0859375  0 1  0
-0.078125  0 1  0
-0.0703125  0 1  0
-0.0625  0 1  0
-0.0546875  0 1  0
-0.046875  0 1  0
-0.0390625  0 1  0
-0.03125  0 1  0
-0.0234375  0 1  0
-0.015625  0 1  0
-0.0078125  0 1  0
0  0 0.99609375  0.00390625
0.0078125  0 0.98828125  0.00390625
0.015625  0 0.98046875  0.00390625
0.0234375  0 0.97265625  0.00390625
0.03125  0 0.96484375  0.00390625
0.0390625  0 0.95703125  0.00390625
0.046875  0 0.94921875  0.00390625
0.0546875  0 0.94140625  0.00390625
0.0625  0 0.93359375  0.00390625
0.0703125  0 0.92578125  0.00390625
0.078125  0 0.91796875  0.00390625
0.0859375  0 0.91015625  0.00390625
0.09375  0 0.90234375  0.00390625
0.1015625  0 0.89453125  0.00390625
0.109375  0 0.88671875  0.00390625
0.1171875  0 0.87890625  0.00390625
0.125  0 0.87109375  0.00390625
0.1328125  0 0.86328125  0.00390625
0.140625  0 0.85546875  0.00390625
0.1484375  0 0.84765625  0.00390625
0.15625  0 0.83984375  0.00390625
0.1640625  0 0.83203125  0.00390625
0.171875  0 0.82421875  0.00390625
0.1796875  0 0.81640625  0.00390625
0.1875  0 0.80859375  0.00390625
0.1953125  0 0.80078125  0.00390625
0.203125  0 0.79296875  0.00390625
0.2109375  0 0.78515625  0.00390625
0.21875  0 0.77734375  0.00390625
0.2265625  0 0.76953125  0.00390625
0.234375  0 0.76171875  0.00390625
0.2421875  0 0.75390625  0.00390625
0.25  0 0.74609375  0.00390625
0.2578125  0 0.73828125  0.00390625
0.265625  0 0.73046875  0.00390625
0.2734375  0 0.72265625  0.00390625
0.28125  0 0.71484375  0.00390625
0.2890625  0 0.70703125  0.00390625
0.296875  0 0.69921875  0.00390625
0.3046875  0 0.69140625  0.00390625
0.3125  0 0.68359375  0.00390625
0.3203125  0 0.67578125  0.00390625
0.328125  0 0.66796875  0.00390625
0.3359375  0 0.66015625  0.00390625
0.34375  0 0.65234375  0.00390625
0.3515625  0 0.64453125  0.00390625
0.359375  0 0.63671875  0.00390625
0.3671875  0 0.62890625  0.00390625
0.375  0 0.62109375  0.00390625
0.3828125  0 0.61328125  0.00390625
0.390625  0 0.60546875  0.00390625
0.3984375  0 0.59765625  0.00390625
0.40625  0 0.58984375  0.00390625
0.4140625  0 0.58203125  0.00390625
0.421875  0 0.57421875  0.00390625
0.4296875  0 0.56640625  0.00390625
0.4375  0 0.55859375  0.00390625
0.4453125  0 0.55078125  0.00390625
0.453125  0 0.54296875  0.00390625
0.4609375  0 0.53515625  0.00390625
0.46875  0 0.52734375  0.00390625
0.4765625  0 0.51953125  0.00390625
0.484375  0 0.51171875  0.00390625
0.4921875  0 0.50390625  0.00390625
0.5  0 0.49609375  0.00390625
0.5078125  0 0.48828125  0.00390625
0.515625  0 0.48046875  0.00390625
0.5234375  0 0.47265625  0.00390625
0.53125  0 0.46484375  0.00390625
0.5390625  0 0.45703125  0.00390625
0.546875  0 0.44921875  0.00390625
0.5546875  0 0.44140625  0.00390625
0.5625  0 0.43359375  0.00390625
0.5703125  0 0.42578125  0.00390625
0.578125  0 0.41796875  0.00390625
0.5859375  0 0.41015625  0.00390625
0.59375  0 0.40234375  0.00390625
0.6015625  0 0.39453125  0.00390625
0.609375  0 0.38671875  0.00390625
0.6171875  0 0.37890625  0.00390625
0.625  0 0.37109375  0.00390625
0.6328125  0 0.36328125  0.00390625
0.640625  0 0.35546875  0.00390625
0.6484375  0 0.34765625  0.00390625
0.65625  0 0.33984375  0.00390625
0.6640625  0 0.33203125  0.00390625
0.671875  0 0.32421875  0.00390625
0.6796875  0 0.31640625  0.00390625
0.6875  0 0.30859375  0.00390625
0.6953125  0 0.30078125  0.00390625
0.703125  0 0.29296875  0.00390625
0.7109375  0 0.28515625  0.00390625
0.71875  0 0.27734375  0.00390625
0.7265625  0 0.26953125  0.00390625
0.734375  0 0.26171875  0.00390625
0.7421875  0 0.25390625  0.00390625
0.75  0 0.24609375  0.00390625
0.7578125  0 0.23828125  0.00390625
0.765625  0 0.23046875  0.00390625
0.7734375  0 0.22265625  0.00390625
0.78125  0 0.21484375  0.00390625
0.7890625  0 0.20703125  0.00390625
0.796875  0 0.19921875  0.00390625
0.8046875  0 0.19140625  0.00390625
0.8125  0 0.18359375  0.00390625
0.8203125  0 0.17578125  0.00390625
0.828125  0 0.16796875  0.00390625
0.8359375  0 0.16015625  0.00390625
0.84375  0 0.15234375  0.00390625
0.8515625  0 0.14453125  0.00390625
0.859375  0 0.13671875  0.00390625
0.8671875  0 0.12890625  0.00390625
0.875  0 0.12109375  0.00390625
0.8828125  0 0.11328125  0.00390625
0.890625  0 0.10546875  0.00390625
0.8984375  0 0.09765625  0.00390625
0.90625  0 0.08984375  0.00390625
0.9140625  0 0.08203125  0.00390625
0.921875  0 0.07421875  0.00390625
0.9296875  0 0.06640625  0.00390625
0.9375  0 0.05859375  0.00390625
0.9453125  0 0.05078125  0.00390625
0.953125  0 0.04296875  0.00390625
0.9609375  0 0.03515625  0.00390625
0.96875  0 0.02734375  0.00390625
0.9765625  0 0.01953125  0.00390625
0.984375  0 0.01171875  0.00390625
0.9921875  0 0.00390625  0.00390625
1  0 -0.00390625  0.00390625
1.0078125  0 -0.011688232421875  0.003875732421875
1.015625  0 -0.0194091796875  0.00384521484375
1.0234375  0 -0.027069091796875  0.003814697265625
1.03125  0 -0.03466796875  0.0037841796875
1.0390625  0 -0.042205810546875  0.003753662109375
1.046875  0 -0.0496826171875  0.00372314453125
1.0546875  0 -0.057098388671875  0.003692626953125
1.0625  0 -0.064453125  0.003662109375
1.0703125  0 -0.071746826171875  0.003631591796875
1.078125  0 -0.0789794921875  0.00360107421875
1.0859375  0 -0.086151123046875  0.003570556640625
1.09375  0 -0.09326171875  0.0035400390625
1.1015625  0 -0.100311279296875  0.003509521484375
1.109375  0 -0.1072998046875  0.00347900390625
1.1171875  0 -0.114227294921875  0.003448486328125
1.125  0 -0.12109375  0.00341796875
1.1328125  0 -0.127899169921875  0.003387451171875
1.140625  0 -0.1346435546875  0.00335693359375
1.1484375  0 -0.141326904296875  0.003326416015625
1.15625  0 -0.14794921875  0.0032958984375
1.1640625  0 -0.154510498046875  0.003265380859375
1.171875  0 -0.1610107421875  0.00323486328125
1.1796875  0 -0.167449951171875  0.003204345703125
1.1875  0 -0.173828125  0.003173828125
1.1953125  0 -0.180145263671875  0.003143310546875
1.203125  0 -0.1864013671875  0.00311279296875
1.2109375  0 -0.192596435546875  0.003082275390625
1.21875  0 -0.19873046875  0.0030517578125
1.2265625  0 -0.204803466796875  0.003021240234375
1.234375  0 -0.2108154296875  0.00299072265625
1.2421875  0 -0.216766357421875  0.002960205078125
1.25  0 -0.22265625  0.0029296875
1.2578125  0 -0.228485107421875  0.002899169921875
1.265625  0 -0.2342529296875  0.00286865234375
1.2734375  0 -0.239959716796875  0.002838134765625
1.28125  0 -0.24560546875  0.0028076171875
1.2890625  0 -0.251190185546875  0.002777099609375
1.296875  0 -0.2567138671875  0.00274658203125
1.3046875  0 -0.262176513671875  0.002716064453125
1.3125  0 -0.267578125  0.002685546875
1.3203125  0 -0.272918701171875  0.002655029296875
1.328125  0 -0.2781982421875  0.00262451171875
1.3359375  0 -0.283416748046875  0.002593994140625
1.34375  0 -0.28857421875  0.0025634765625
1.3515625  0 -0.293670654296875  0.002532958984375
1.359375  0 -0.2987060546875  0.00250244140625
1.3671875  0 -0.303680419921875  0.002471923828125
1.375  0 -0.30859375  0.00244140625
1.3828125  0 -0.313446044921875  0.002410888671875
1.390625  0 -0.3182373046875  0.00238037109375
1.3984375  0 -0.322967529296875  0.002349853515625
1.40625  0 -0.32763671875  0.0023193359375
1.4140625  0 -0.332244873046875  0.002288818359375
1.421875  0 -0.3367919921875  0.00225830078125
1.4296875  0 -0.341278076171875  0.002227783203125
1.4375  0 -0.345703125  0.002197265625
1.4453125  0 -0.350067138671875  0.002166748046875
1.453125  0 -0.3543701171875  0.00213623046875
1.4609375  0 -0.358612060546875  0.002105712890625
1.46875  0 -0.36279296875  0.0020751953125
1.4765625  0 -0.366912841796875  0.002044677734375
1.484375  0 -0.3709716796875  0.00201416015625
1.4921875  0 -0.374969482421875  0.001983642578125
1.5  0 -0.37890625  0.001953125
1.5078125  0 -0.382781982421875  0.001922607421875
1.515625  0 -0.3865966796875  0.00189208984375
1.5234375  0 -0.390350341796875  0.001861572265625
1.53125  0 -0.39404296875  0.0018310546875
1.5390625  0 -0.397674560546875  0.001800537109375
1.546875  0 -0.4012451171875  0.00177001953125
1.5546875  0 -0.404754638671875  0.001739501953125
1.5625  0 -0.408203125  0.001708984375
1.5703125  0 -0.411590576171875  0.001678466796875
1.578125  0 -0.4149169921875  0.00164794921875
1.5859375  0 -0.418182373046875  0.001617431640625
1.59375  0 -0.42138671875  0.0015869140625
1.6015625  0 -0.424530029296875  0.001556396484375
1.609375  0 -0.4276123046875  0.00152587890625
1.6171875  0 -0.430633544921875  0.001495361328125
1.625  0 -0.43359375  0.00146484375
1.6328125  0 -0.436492919921875  0.001434326171875
1.640625  0 -0.4393310546875  0.00140380859375
1.6484375  0 -0.442108154296875  0.001373291015625
1.65625  0 -0.44482421875  0.0013427734375
1.6640625  0 -0.447479248046875  0.001312255859375
1.671875  0 -0.4500732421875  0.00128173828125
1.6796875  0 -0.452606201171875  0.001251220703125
1.6875  0 -0.455078125  0.001220703125
1.6953125  0 -0.457489013671875  0.001190185546875
1.703125  0 -0.4598388671875  0.00115966796875
1.7109375  0 -0.462127685546875  0.001129150390625
1.71875  0 -0.46435546875  0.0010986328125
1.7265625  0 -0.466522216796875  0.001068115234375
1.734375  0 -0.4686279296875  0.00103759765625
1.7421875  0 -0.470672607421875  0.001007080078125
1.75  0 -0.47265625  0.0009765625
1.7578125  0 -0.474578857421875  0.000946044921875
1.765625  0 -0.4764404296875  0.00091552734375
1.7734375  0 -0.478240966796875  0.000885009765625
1.78125  0 -0.47998046875  0.0008544921875
1.7890625  0 -0.481658935546875  0.000823974609375
1.796875  0 -0.4832763671875  0.00079345703125
1.8046875  0 -0.484832763671875  0.000762939453125
1.8125  0 -0.486328125  0.000732421875
1.8203125  0 -0.487762451171875  0.000701904296875
1.828125  0 -0.4891357421875  0.00067138671875
1.8359375  0 -0.490447998046875  0.000640869140625
1.84375  0 -0.49169921875  0.0006103515625
1.8515625  0 -0.492889404296875  0.000579833984375
1.859375  0 -0.4940185546875  0.00054931640625
1.8671875  0 -0.495086669921875  0.000518798828125
1.875  0 -0.49609375  0.00048828125
1.8828125  0 -0.497039794921875  0.000457763671875
1.890625  0 -0.4979248046875  0.00042724609375
1.8984375  0 -0.498748779296875  0.000396728515625
1.90625  0 -0.49951171875  0.0003662109375
1.9140625  0 -0.500213623046875  0.000335693359375
1.921875  0 -0.5008544921875  0.00030517578125
1.9296875  0 -0.501434326171875  0.000274658203125
1.9375  0 -0.501953125  0.000244140625
1.9453125  0 -0.502410888671875  0.000213623046875
1.953125  0 -0.5028076171875  0.00018310546875
1.9609375  0 -0.503143310546875  0.000152587890625
1.96875  0 -0.50341796875  0.0001220703125
1.9765625  0 -0.503631591796875  9.1552734375e-05
1.984375  0 -0.5037841796875  6.103515625e-05
1.9921875  0 -0.503875732421875  3.0517578125e-05
2  0 -0.50390625  0
2.0078125  0 -0.503875732421875  3.0517578125e-05
2.015625  0 -0.503784418106079  6.07967376708984e-05
2.0234375  0 -0.503632783889771  9.08374786376953e-05
2.03125  0 -0.503421306610107  0.000120639801025391
2.0390625  0 -0.503150463104248  0.000150203704833984
2.046875  0 -0.502820730209351  0.000179529190063477
2.0546875  0 -0.502432584762573  0.000208616256713867
2.0625  0 -0.501986503601074  0.000237464904785156
2.0703125  0 -0.501482963562012  0.000266075134277344
2.078125  0 -0.500922441482544  0.00029444694519043
2.0859375  0 -0.500305414199829  0.000322580337524414
2.09375  0 -0.499632358551025  0.000350475311279297
2.1015625  0 -0.498903751373291  0.000378131866455078
2.109375  0 -0.498120069503784  0.000405550003051758
2.1171875  0 -0.497281789779663  0.000432729721069336
2.125  0 -0.496389389038086  0.000459671020507812
2.1328125  0 -0.495443344116211  0.000486373901367188
2.140625  0 -0.494444131851196  0.000512838363647461
2.1484375  0 -0.4933922290802  0.000539064407348633
2.15625  0 -0.492288112640381  0.000565052032470703
2.1640625  0 -0.491132259368896  0.000590801239013672
2.171875  0 -0.489925146102905  0.000616312026977539
2.1796875  0 -0.488667249679565  0.000641584396362305
2.1875  0 -0.487359046936035  0.000666618347167969
2.1953125  0 -0.486001014709473  0.000691413879394531
2.203125  0 -0.484593629837036  0.000715970993041992
2.2109375  0 -0.483137369155884  0.000740289688110352
2.21875  0 -0.481632709503174  0.000764369964599609
2.2265625  0 -0.480080127716064  0.000788211822509766
2.234375  0 -0.478480100631714  0.00081181526184082
2.2421875  0 -0.47683310508728  0.000835180282592773
2.25  0 -0.475139617919922  0.000858306884765625
2.2578125  0 -0.473400115966797  0.000881195068359375
2.265625  0 -0.471615076065063  0.000903844833374023
2.2734375  0 -0.46978497505188  0.00092625617980957
2.28125  0 -0.467910289764404  0.000948429107666016
2.2890625  0 -0.465991497039795  0.000970363616943359
2.296875  0 -0.46402907371521  0.000992059707641602
2.3046875  0 -0.462023496627808  0.00101351737976074
2.3125  0 -0.459975242614746  0.00103473663330078
2.3203125  0 -0.457884788513184  0.00105571746826172
2.328125  0 -0.455752611160278  0.00107645988464355
2.3359375  0 -0.453579187393188  0.00109696388244629
2.34375  0 -0.451364994049072  0.00111722946166992
2.3515625  0 -0.449110507965088  0.00113725662231445
2.359375  0 -0.446816205978394  0.00115704536437988
2.3671875  0 -0.444482564926147  0.00117659568786621
2.375  0 -0.442110061645508  0.00119590759277344
2.3828125  0 -0.439699172973633  0.00121498107910156
2.390625  0 -0.437250375747681  0.00123381614685059
2.3984375  0 -0.43476414680481  0.00125241279602051
2.40625  0 -0.432240962982178  0.00127077102661133
2.4140625  0 -0.429681301116943  0.00128889083862305
2.421875  0 -0.427085638046265  0.00130677223205566
2.4296875  0 -0.4244544506073  0.00132441520690918
2.4375  0 -0.421788215637207  0.00134181976318359
2.4453125  0 -0.419087409973145  0.00135898590087891
2.453125  0 -0.416352510452271  0.00137591361999512
2.4609375  0 -0.413583993911743  0.00139260292053223
2.46875  0 -0.410782337188721  0.00140905380249023
2.4765625  0 -0.407948017120361  0.00142526626586914
2.484375  0 -0.405081510543823  0.00144124031066895
2.4921875  0 -0.402183294296265  0.00145697593688965
2.5  0 -0.399253845214844  0.00147247314453125
2.5078125  0 -0.396293640136719  0.00148773193359375
2.515625  0 -0.393303155899048  0.00150275230407715
2.5234375  0 -0.390282869338989  0.00151753425598145
2.53125  0 -0.387233257293701  0.00153207778930664
2.5390625  0 -0.384154796600342  0.00154638290405273
2.546875  0 -0.381047964096069  0.00156044960021973
2.5546875  0 -0.377913236618042  0.00157427787780762
2.5625  0 -0.374751091003418  0.00158786773681641
2.5703125  0 -0.371562004089355  0.00160121917724609
2.578125  0 -0.368346452713013  0.00161433219909668
2.5859375  0 -0.365104913711548  0.00162720680236816
2.59375  0 -0.361837863922119  0.00163984298706055
2.6015625  0 -0.358545780181885  0.00165224075317383
2.609375  0 -0.355229139328003  0.00166440010070801
2.6171875  0 -0.351888418197632  0.00167632102966309
2.625  0 -0.34852409362793  0.00168800354003906
2.6328125  0 -0.345136642456055  0.00169944763183594
2.640625  0 -0.341726541519165  0.00171065330505371
2.6484375  0 -0.338294267654419  0.00172162055969238
2.65625  0 -0.334840297698975  0.00173234939575195
2.6640625  0 -0.33136510848999  0.00174283981323242
2.671875  0 -0.327869176864624  0.00175309181213379
2.6796875  0 -0.324352979660034  0.00176310539245605
2.6875  0 -0.320816993713379  0.00177288055419922
2.6953125  0 -0.317261695861816  0.00178241729736328
2.703125  0 -0.313687562942505  0.00179171562194824
2.7109375  0 -0.310095071792603  0.0018007755279541
2.71875  0 -0.306484699249268  0.00180959701538086
2.7265625  0 -0.302856922149658  0.00181818008422852
2.734375  0 -0.299212217330933  0.00182652473449707
2.7421875  0 -0.295551061630249  0.00183463096618652
2.75  0 -0.291873931884766  0.00184249877929688
2.7578125  0 -0.288181304931641  0.00185012817382812
2.765625  0 -0.284473657608032  0.00185751914978027
2.7734375  0 -0.280751466751099  0.00186467170715332
2.78125  0 -0.277015209197998  0.00187158584594727
2.7890625  0 -0.273265361785889  0.00187826156616211
2.796875  0 -0.269502401351929  0.00188469886779785
2.8046875  0 -0.265726804733276  0.00189089775085449
2.8125  0 -0.26193904876709  0.00189685821533203
2.8203125  0 -0.258139610290527  0.00190258026123047
2.828125  0 -0.254328966140747  0.0019080638885498
2.8359375  0 -0.250507593154907  0.00191330909729004
2.84375  0 -0.246675968170166  0.00191831588745117
2.8515625  0 -0.242834568023682  0.0019230842590332
2.859375  0 -0.238983869552612  0.00192761421203613
2.8671875  0 -0.235124349594116  0.00193190574645996
2.875  0 -0.231256484985352  0.00193595886230469
2.8828125  0 -0.227380752563477  0.00193977355957031
2.890625  0 -0.223497629165649  0.00194334983825684
2.8984375  0 -0.219607591629028  0.00194668769836426
2.90625  0 -0.215711116790771  0.00194978713989258
2.9140625  0 -0.211808681488037  0.0019526481628418
2.921875  0 -0.207900762557983  0.00195527076721191
2.9296875  0 -0.203987836837769  0.00195765495300293
2.9375  0 -0.200070381164551  0.00195980072021484
2.9453125  0 -0.196148872375488  0.00196170806884766
2.953125  0 -0.192223787307739  0.00196337699890137
2.9609375  0 -0.188295602798462  0.00196480751037598
2.96875  0 -0.184364795684814  0.00196599960327148
2.9765625  0 -0.180431842803955  0.00196695327758789
2.984375  0 -0.176497220993042  0.0019676685333252
2.9921875  0 -0.172561407089233  0.0019681453704834
3  0 -0.168624877929688  0.0019683837890625
3.0078125  0 -0.164688110351562  0.0019683837890625
3.015625  0 -0.160751581192017  0.0019681453704834
3.0234375  0 -0.156815765425563  0.00196767039597034
3.03125  0 -0.152881134301424  0.00196696072816849
3.0390625  0 -0.148948155343533  0.00196601822972298
3.046875  0 -0.145017292350531  0.00196484476327896
3.0546875  0 -0.14108900539577  0.00196344219148159
3.0625  0 -0.137163750827312  0.00196181237697601
3.0703125  0 -0.133241981267929  0.00195995718240738
3.078125  0 -0.129324145615101  0.00195787847042084
3.0859375  0 -0.125410689041018  0.00195557810366154
3.09375  0 -0.121502052992582  0.00195305794477463
3.1015625  0 -0.117598675191402  0.00195031985640526
3.109375  0 -0.113700989633799  0.00194736570119858
3.1171875  0 -0.1098094265908  0.00194419734179974
3.125  0 -0.105924412608147  0.00194081664085388
3.1328125  0 -0.102046370506287  0.00193722546100616
3.140625  0 -0.0981757193803787  0.00193342566490173
3.1484375  0 -0.0943128746002913  0.00192941911518574
3.15625  0 -0.0904582478106022  0.00192520767450333
3.1640625  0 -0.0866122469305992  0.00192079320549965
3.171875  0 -0.0827752761542797  0.00191617757081985
3.1796875  0 -0.0789477359503508  0.00191136263310909
3.1875  0 -0.0751300230622292  0.00190635025501251
3.1953125  0 -0.0713225305080414  0.00190114229917526
3.203125  0 -0.0675256475806236  0.00189574062824249
3.2109375  0 -0.0637397598475218  0.00189014710485935
3.21875  0 -0.0599652491509914  0.00188436359167099
3.2265625  0 -0.0562024936079979  0.00187839195132256
3.234375  0 -0.0524518676102161  0.0018722340464592
3.2421875  0 -0.0487137418240309  0.00186589173972607
3.25  0 -0.0449884831905365  0.00185936689376831
3.2578125  0 -0.0412764549255371  0.00185266137123108
3.265625  0 -0.0375780165195465  0.00184577703475952
3.2734375  0 -0.0338935237377882  0.00183871574699879
3.28125  0 -0.0302233286201954  0.00183147937059402
3.2890625  0 -0.026567779481411  0.00182406976819038
3.296875  0 -0.0229272209107876  0.00181648880243301
3.3046875  0 -0.0193019937723875  0.00180873833596706
3.3125  0 -0.0156924352049828  0.00180082023143768
3.3203125  0 -0.0120988786220551  0.00179273635149002
3.328125  0 -0.00852165371179581  0.00178448855876923
3.3359375  0 -0.00496108643710613  0.00177607871592045
3.34375  0 -0.00141749903559685  0.00176750868558884
3.3515625  0 0.00210878998041153  0.00175878033041954
3.359375  0 0.00561746582388878  0.00174989551305771
3.3671875  0 0.00910821743309498  0.00174085609614849
3.375  0 0.0125807374715805  0.00173166394233704
3.3828125  0 0.016034722328186  0.00172232091426849
3.390625  0 0.0194698721170425  0.00171282887458801
3.3984375  0 0.0228858906775713  0.00170318968594074
3.40625  0 0.0262824855744839  0.00169340521097183
3.4140625  0 0.0296593680977821  0.00168347731232643
3.421875  0 0.0330162532627583  0.00167340785264969
3.4296875  0 0.0363528598099947  0.00166319869458675
3.4375  0 0.0396689102053642  0.00165285170078278
3.4453125  0 0.0429641306400299  0.0016423687338829
3.453125  0 0.0462382510304451  0.00163175165653229
3.4609375  0 0.0494910050183535  0.00162100233137608
3.46875  0 0.052722129970789  0.00161012262105942
3.4765625  0 0.0559313669800758  0.00159911438822746
3.484375  0 0.0591184608638287  0.00158797949552536
3.4921875  0 0.0622831601649523  0.00157671980559826
3.5  0 0.0654252171516418  0.00156533718109131
3.5078125  0 0.0685443878173828  0.00155383348464966
3.515625  0 0.0716404318809509  0.00154221057891846
3.5234375  0 0.0747131127864122  0.00153047032654285
3.53125  0 0.0777621977031231  0.001518614590168
3.5390625  0 0.0807874575257301  0.00150664523243904
3.546875  0 0.0837886668741703  0.00149456411600113
3.5546875  0 0.0867656040936708  0.00148237310349941
3.5625  0 0.0897180512547493  0.00147007405757904
3.5703125  0 0.0926457941532135  0.00145766884088516
3.578125  0 0.0955486223101616  0.00144515931606293
3.5859375  0 0.098426328971982  0.00143254734575748
3.59375  0 0.101278711110353  0.00141983479261398
3.6015625  0 0.104105569422245  0.00140702351927757
3.609375  0 0.106906708329916  0.0013941153883934
3.6171875  0 0.109681935980916  0.00138111226260662
3.625  0 0.112431064248085  0.00136801600456238
3.6328125  0 0.115153908729553  0.00135482847690582
3.640625  0 0.117850288748741  0.0013415515422821
3.6484375  0 0.12052002735436  0.00132818706333637
3.65625  0 0.12316295132041  0.00131473690271378
3.6640625  0 0.125778891146183  0.00130120292305946
3.671875  0 0.128367681056261  0.00128758698701859
3.6796875  0 0.130929159000516  0.00127389095723629
3.6875  0 0.13346316665411  0.00126011669635773
3.6953125  0 0.135969549417496  0.00124626606702805
3.703125  0 0.138448156416416  0.0012323409318924
3.7109375  0 0.140898840501904  0.00121834315359592
3.71875  0 0.143321458250284  0.00120427459478378
3.7265625  0 0.145715869963169  0.00119013711810112
3.734375  0 0.148081939667463  0.00117593258619308
3.7421875  0 0.150419535115361  0.00116166286170483
3.75  0 0.152728527784348  0.00114732980728149
3.7578125  0 0.155008792877197  0.00113293528556824
3.765625  0 0.157260209321976  0.00111848115921021
3.7734375  0 0.159482659772038  0.00110396929085255
3.78125  0 0.161676030606031  0.00108940154314041
3.7890625  0 0.163840211927891  0.00107477977871895
3.796875  0 0.165975097566843  0.00106010586023331
3.8046875  0 0.168080585077405  0.00104538165032864
3.8125  0 0.170156575739384  0.00103060901165009
3.8203125  0 0.172202974557877  0.0010157898068428
3.828125  0 0.174219690263271  0.00100092589855194
3.8359375  0 0.176206635311246  0.000986019149422646
3.84375  0 0.178163725882769  0.000971071422100067
3.8515625  0 0.180090881884098  0.000956084579229355
3.859375  0 0.181988026946783  0.000941060483455658
3.8671875  0 0.183855088427663  0.000926000997424126
3.875  0 0.185691997408867  0.000910907983779907
3.8828125  0 0.187498688697815  0.000895783305168152
3.890625  0 0.189275100827217  0.000880628824234009
3.8984375  0 0.191021176055074  0.000865446403622627
3.90625  0 0.192736860364676  0.000850237905979156
3.9140625  0 0.194422103464603  0.000835005193948746
3.921875  0 0.196076858788729  0.000819750130176544
3.9296875  0 0.197701083496213  0.000804474577307701
3.9375  0 0.199294738471508  0.000789180397987366
3.9453125  0 0.200857788324356  0.000773869454860687
3.953125  0 0.20239020138979  0.000758543610572815
3.9609375  0 0.203891949728131  0.000743204727768898
3.96875  0 0.205363009124994  0.000727854669094086
3.9765625  0 0.206803359091282  0.000712495297193527
3.984375  0 0.208212982863188  0.000697128474712372
3.9921875  0 0.209591867402196  0.000681756064295769
4  0 0.210940003395081  0.000666379928588867
4.0078125  0 0.212257385253906  0.000651001930236816
4.015625  0 0.213544011116028  0.000635623931884766
4.0234375  0 0.21479988284409  0.000620247796177864
4.03125  0 0.216025006011478  0.000604875371209346
4.0390625  0 0.217219389873208  0.000589508490520529
4.046875  0 0.218383047336829  0.000574148973100819
4.0546875  0 0.219515994933317  0.000558798623387702
4.0625  0 0.220618252787972  0.000543459231266752
4.0703125  0 0.22168984459131  0.000528132572071627
4.078125  0 0.222730797569966  0.000512820406584069
4.0859375  0 0.223741142457584  0.000497524481033906
4.09375  0 0.224720913465717  0.000482246527099051
4.1015625  0 0.225670148254721  0.000466988261905499
4.109375  0 0.226588887904654  0.000451751388027333
4.1171875  0 0.227477176886168  0.000436537593486719
4.125  0 0.228335063031409  0.000421348551753908
4.1328125  0 0.22916259750491  0.000406185921747237
4.140625  0 0.22995983477449  0.000391051347833127
4.1484375  0 0.23072683258215  0.000375946459826082
4.15625  0 0.231463651914964  0.000360872872988693
4.1640625  0 0.232170356975985  0.000345832188031636
4.171875  0 0.23284701515513  0.00033082599111367
4.1796875  0 0.233493697000085  0.00031585585384164
4.1875  0 0.234110476187197  0.000300923333270475
4.1953125  0 0.234697429492371  0.00028602997190319
4.203125  0 0.235254636761965  0.000271177297690883
4.2109375  0 0.235782180883689  0.000256366824032739
4.21875  0 0.236280147757498  0.000241600049776025
4.2265625  0 0.23674862626649  0.000226878459216096
4.234375  0 0.237187708247802  0.000212203522096388
4.2421875  0 0.237597488463507  0.000197576693608426
4.25  0 0.237978064571507  0.000182999414391816
4.2578125  0 0.238329537096433  0.000168473110534251
4.265625  0 0.238652009400539  0.000153999193571508
4.2734375  0 0.238945587654598  0.000139579060487449
4.28125  0 0.2392103808088  0.000125214093714021
4.2890625  0 0.239446500563645  0.000110905661131255
4.296875  0 0.239654061340843  9.6655116067268e-05
4.3046875  0 0.239833180254209  8.246379729826e-05
4.3125  0 0.239983977080556  6.83330290485173e-05
4.3203125  0 0.240106574230595  5.42641209904104e-05
4.328125  0 0.240201096719829  4.02583682443947e-05
4.3359375  0 0.240267672139453  2.63170513790101e-05
4.34375  0 0.240306430627243  1.24414364108816e-05
4.3515625  0 0.240317504838458  1.36722519528121e-06
4.359375  0 0.240301029916736  1.51076965266839e-05
4.3671875  0 0.240257143464987  2.87787552224472e-05
4.375  0 0.240185985516291  4.23791934736073e-05
4.3828125  0 0.240087698504794  5.59078180231154e-05
4.390625  0 0.239962427236605  6.9363450165838e-05
4.3984375  0 0.239810318860691  8.27449257485569e-05
4.40625  0 0.239631522839773  9.60510951699689e-05
4.4140625  0 0.239426190921222  0.000109280823380686
4.421875  0 0.239194477107958  0.000122432989883237
4.4296875  0 0.238936537629343  0.000135506488732062
4.4375  0 0.238652530912077  0.000148500228533521
4.4453125  0 0.238342617551098  0.000161413132445887
4.453125  0 0.238006960280472  0.000174244138179347
4.4609375  0 0.237645723944297  0.000186992197996005
4.46875  0 0.237259075467591  0.000199656278709881
4.4765625  0 0.236847183827194  0.000212235361686908
4.484375  0 0.236410220022663  0.000224728442844935
4.4921875  0 0.235948357047164  0.000237134532653727
4.5  0 0.235461769858375  0.000249452656134963
4.5078125  0 0.234950635349378  0.000261681852862239
4.515625  0 0.234415132319555  0.000273821176961064
4.5234375  0 0.233855441445485  0.000285869697108865
4.53125  0 0.233271745251841  0.000297826496534981
4.5390625  0 0.232664228082285  0.000309690673020668
4.546875  0 0.232033076070365  0.000321461338899098
4.5546875  0 0.231378477110411  0.000333137621055357
4.5625  0 0.230700620828429  0.000344718660926446
4.5703125  0 0.229999698553002  0.000356203614501283
4.578125  0 0.22927590328618  0.000367591652320698
4.5859375  0 0.228529429674381  0.00037888195947744
4.59375  0 0.227760473979288  0.00039007373561617
4.6015625  0 0.226969234048738  0.000401166194933467
4.609375  0 0.226155909287627  0.000412158566177823
4.6171875  0 0.225320700628799  0.000423050092649646
4.625  0 0.224463810503948  0.00043384003220126
4.6328125  0 0.22358544281451  0.000444527657236904
4.640625  0 0.222685802902561  0.000455112254712731
4.6484375  0 0.221765097521711  0.00046559312613681
4.65625  0 0.220823534808005  0.000475969587569125
4.6640625  0 0.219861324250815  0.000486240969621576
4.671875  0 0.218878676663735  0.000496406617457978
4.6796875  0 0.217875804155483  0.000506465890794061
4.6875  0 0.216852920100791  0.00051641816389747
4.6953125  0 0.215810239111306  0.000526262825587764
4.703125  0 0.214747977006482  0.000535999279236421
4.7109375  0 0.213666350784479  0.00054562694276683
4.71875  0 0.212565578593058  0.000555145248654298
4.7265625  0 0.211445879700477  0.000564553643926047
4.734375  0 0.21030747446639  0.000573851590161212
4.7421875  0 0.209150584312738  0.000583038563490845
4.75  0 0.207975431694649  0.000592114054597914
4.7578125  0 0.206782240071334  0.000601077568717301
4.765625  0 0.205571233876981  0.000609928625635803
4.7734375  0 0.204342638491653  0.000618666759692132
4.78125  0 0.203096680212184  0.000627291519776918
4.7890625  0 0.201833586223074  0.000635802469332702
4.796875  0 0.200553584567388  0.000644199186353944
4.8046875  0 0.199256904117647  0.000652481263387017
4.8125  0 0.197943774546729  0.000660648307530209
4.8203125  0 0.196614426298765  0.000668699940433726
4.828125  0 0.195269090560032  0.000676635798299685
4.8359375  0 0.19390799922985  0.000684455531882122
4.84375  0 0.192531384891481  0.000692158806486987
4.8515625  0 0.191139480783022  0.000699745301972143
4.859375  0 0.189732520768302  0.000707214712747373
4.8671875  0 0.188310739307781  0.00071456674777437
4.875  0 0.18687437142944  0.000721801130566746
4.8828125  0 0.185423652699683  0.000728917599190027
4.890625  0 0.183958819194231  0.000735915906261653
4.8984375  0 0.182480107469019  0.000742795818950981
4.90625  0 0.180987754531088  0.000749557118979283
4.9140625  0 0.179481997809489  0.000756199602619745
4.921875  0 0.177963075126172  0.000762723080697469
4.9296875  0 0.176431224666885  0.000769127378589474
4.9375  0 0.174886684952071  0.00077541233622469
4.9453125  0 0.173329694807762  0.000781577808083966
4.953125  0 0.171760493336478  0.000787623663200065
4.9609375  0 0.170179319888121  0.000793549785157666
4.96875  0 0.168586414030869  0.00079935607209336
4.9765625  0 0.16698201552208  0.000805042436695658
4.984375  0 0.16536636427918  0.000810608806204982
4.9921875  0 0.163739700350561  0.000816055122413673
5  0 0.162102263886482  0.000821381341665983
5.0078125  0 0.160454295109957  0.000826587434858084
5.015625  0 0.158796034287661  0.000831673387438059
5.0234375  0 0.157127721700817  0.000836639199405909
5.03125  0 0.155449597616098  0.000841484885313548
5.0390625  0 0.153761902256633  0.000846210474151121
5.046875  0 0.152064875773249  0.000850816009233313
5.0546875  0 0.15035875821593  0.000855301548085663
5.0625  0 0.148643789505513  0.000859667162330879
5.0703125  0 0.146920209405607  0.000863912937575151
5.078125  0 0.145188257494738  0.00086803897329446
5.0859375  0 0.143448173138722  0.000872045382720898
5.09375  0 0.141700195463272  0.000875932292728976
5.1015625  0 0.139944563326821  0.000879699843721937
5.109375  0 0.138181515293581  0.000883348189518074
5.1171875  0 0.136411289606826  0.000886877497237037
5.125  0 0.134634124162403  0.000890287947186152
5.1328125  0 0.13285025648247  0.00089357973274673
5.140625  0 0.131059923689463  0.00089675306026038
5.1484375  0 0.129263362480287  0.000899808148915326
5.15625  0 0.127460809100739  0.000902745230632718
5.1640625  0 0.125652499320154  0.000905564549952942
5.171875  0 0.123838668406279  0.000908266363921939
5.1796875  0 0.122019551100379  0.000910850941977515
5.1875  0 0.120195381592566  0.000913318565835652
5.1953125  0 0.118366393497354  0.000915669529376828
5.203125  0 0.116532819829445  0.000917904138532322
5.2109375  0 0.114694892979742  0.000920022711170532
5.21875  0 0.112852844691588  0.000922025576983287
5.2265625  0 0.111006906037233  0.000923913077372163
5.234375  0 0.109157307394526  0.000925685565334788
5.2421875  0 0.10730427842384  0.000927343405351166
5.25  0 0.105448048045218  0.000928886973269982
5.2578125  0 0.103588844415754  0.000930316656194918
5.265625  0 0.101726894907188  0.000931632852370967
5.2734375  0 0.099862426083746  0.000932835971070745
5.28125  0 0.0979956636801944  0.000933926432480803
5.2890625  0 0.0961268325801257  0.000934904667587944
5.296875  0 0.0942561567944722  0.000935771118065531
5.3046875  0 0.0923838594402469  0.000936526236159807
5.3125  0 0.0905101627195108  0.0009371704845762
5.3203125  0 0.088635287898569  0.000937704336365641
5.328125  0 0.0867594552873925  0.000938128274810879
5.3359375  0 0.0848828842192688  0.000938442793312788
5.34375  0 0.0830057930306793  0.000938648395276687
5.3515625  0 0.081128399041404  0.000938745593998647
5.359375  0 0.0792509185348536  0.000938734912551809
5.3671875  0 0.0773735667386291  0.000938616883672694
5.375  0 0.0754965578053088  0.000938392049647518
5.3828125  0 0.0736201047934628  0.000938060962198506
5.390625  0 0.0717444196488941  0.0009376241823702
5.3984375  0 0.0698697131861081  0.00093708228041578
5.40625  0 0.067996195070009  0.000936435835683369
5.4140625  0 0.0661240737978233  0.000935685436502354
5.421875  0 0.0642535566812512  0.000934831680069692
5.4296875  0 0.0623848498288453  0.000933875172336229
5.4375  0 0.0605181581286161  0.00093281652789301
5.4453125  0 0.0586536852308654  0.000931656369857592
5.453125  0 0.0567916335312475  0.000930395329760358
5.4609375  0 0.0549322041540563  0.000929034047430832
5.46875  0 0.0530755969357415  0.000927573170883988
5.4765625  0 0.0512220104086509  0.000926013356206568
5.484375  0 0.049371641785001  0.000924355267443389
5.4921875  0 0.0475246869410739  0.000922599576483663
5.5  0 0.045681340401643  0.000920746962947305
5.5078125  0 0.0438417953246244  0.000918798114071251
5.515625  0 0.0420062434859574  0.000916753724595765
5.5234375  0 0.0401748752647109  0.000914614496650756
5.53125  0 0.038347879628418  0.000912381139642093
5.5390625  0 0.036525444118638  0.000910054370137914
5.546875  0 0.0347077548367452  0.00090763491175494
5.5546875  0 0.0328949964299454  0.000905123495044791
5.5625  0 0.0310873520775203  0.000902520857380296
5.5703125  0 0.0292850034772982  0.000899827742841808
5.578125  0 0.0274881308323529  0.000897044902103517
5.5859375  0 0.0256969128379296  0.000894173092319761
5.59375  0 0.0239115266685985  0.000891213077011344
5.6015625  0 0.0221321479656353  0.000888165625951842
5.609375  0 0.0203589508246296  0.000885031515053925
5.6171875  0 0.01859210778332  0.00088181152625566
5.625  0 0.0168317898096575  0.000878506447406835
5.6328125  0 0.0150781662900954  0.000875117072155263
5.640625  0 0.013331405018107  0.000871644199833099
5.6484375  0 0.0115916721829308  0.000868088635343156
5.65625  0 0.00985913235854241  0.000864451189045212
5.6640625  0 0.00813394849285487  0.000860732676642328
5.671875  0 0.00641628189714538  0.00085693391906716
5.6796875  0 0.00470629223570995  0.000853055742368269
5.6875  0 0.00300413751574524  0.000849098977596441
5.6953125  0 0.00130997407745781  0.000845064460690992
5.703125  0 -0.00037604341559927  0.000840953032366087
5.7109375  0 -0.00205376198596241  0.000836765537997053
5.71875  0 -0.00372303035146615  0.000832502827506687
5.7265625  0 -0.00538369893422441  0.000828165755251575
5.734375  0 -0.00703561986938439  0.000823755179908403
5.7421875  0 -0.00867864701365306  0.000819271964360269
5.75  0 -0.0103126359535963  0.000814716975582996
5.7578125  0 -0.0119374440137108  0.00081009108453145
5.765625  0 -0.0135529302642681  0.000805395166025846
5.7734375  0 -0.015158955528932  0.000800630098638067
5.78125  0 -0.016755382392148  0.000795796764577972
5.7890625  0 -0.0183420752063057  0.000790896049579715
5.796875  0 -0.0199189000986735  0.000785928842788053
5.8046875  0 -0.0214857249781062  0.000780896036644663
5.8125  0 -0.0230424195415253  0.000775798526774452
5.8203125  0 -0.0245888552801716  0.000770637211871872
5.828125  0 -0.0261249054856307  0.000765412993587233
5.8359375  0 -0.027650445255631  0.000760126776413017
5.84375  0 -0.0291653514996142  0.000754779467570188
5.8515625  0 -0.0306695029440789  0.000749371976894508
5.859375  0 -0.0321627801376962  0.000743905216722851
5.8671875  0 -0.0336450654561986  0.000738380101779512
5.875  0 -0.0351162431070406  0.000732797549062525
5.8828125  0 -0.0365761991338331  0.000727158477729972
5.890625  0 -0.0380248214205494  0.0007214638089863
5.8984375  0 -0.0394619996955043  0.000715714465968631
5.90625  0 -0.0408876255351061  0.000709911373633076
5.9140625  0 -0.0423015923673802  0.000704055458641051
5.921875  0 -0.0437037954752668  0.000698147649245584
5.9296875  0 -0.04509413199969  0.000692188875177635
5.9375  0 -0.0464725009424001  0.000686180067532405
5.9453125  0 -0.0478388031685881  0.000680122158655649
5.953125  0 -0.0491929414092738  0.000674016082029993
5.9609375  0 -0.050534820263465  0.000667862772161243
5.96875  0 -0.0518643462000909  0.000661663164464699
5.9765625  0 -0.0531814275597071  0.000655418195151469
5.984375  0 -0.0544859745559734  0.000649128801114784
5.9921875  0 -0.0557778992769045  0.000642795919816308
6  0 -0.0570571156858932  0.000636420489172451
6.0078125  0 -0.0583235396225064  0.000630003447440686
6.015625  0 -0.0595770888030529  0.000623545733105857
6.0234375  0 -0.0608176828209253  0.000617048284766497
6.03125  0 -0.0620452431467129  0.000610512041021138
6.0390625  0 -0.0632596931280887  0.000603937940354626
6.046875  0 -0.0644609579894686  0.000597326921025321
6.0546875  0 -0.0656489648314471  0.000590679920953185
6.0625  0 -0.0668236426300091  0.000583997877608766
6.0703125  0 -0.0679849222355209  0.000577281727903056
6.078125  0 -0.0691327363715022  0.00057053240807825
6.0859375  0 -0.0702670196331798  0.000563750853599387
6.09375  0 -0.0713877084858261  0.00055693799904688
6.1015625  0 -0.0724947412628829  0.000550094778009935
6.109375  0 -0.0735880581638737  0.000543222122980858
6.1171875  0 -0.0746676012521048  0.000536320965250248
6.125  0 -0.0757333144521581  0.000529392234803083
6.1328125  0 -0.0767851435471769  0.000522436860215691
6.140625  0 -0.0778230361759462  0.000515455768553608
6.1484375  0 -0.0788469418297701  0.000508449885270323
6.15625  0 -0.0798568118491474  0.000501420134106922
6.1640625  0 -0.0808525994202469  0.000494367436992604
6.171875  0 -0.0818342595711856  0.000487292713946097
6.1796875  0 -0.0828017491681097  0.000480196882977957
6.1875  0 -0.0837550269110814  0.000473080859993757
6.1953125  0 -0.0846940533297733  0.000465945558698166
6.203125  0 -0.0856187907789714  0.00045879189049991
6.2109375  0 -0.0865292034338889  0.000451620764417626
6.21875  0 -0.0874252572852932  0.000444433086986606
6.2265625  0 -0.0883069201344462  0.000437229762166425
6.234375  0 -0.0891741615878621  0.000430011691249454
6.2421875  0 -0.0900269530518818  0.000422779772770276
6.25  0 -0.090865267727068  0.00041553490241597
6.2578125  0 -0.0916890806024213  0.000408277972937299
6.265625  0 -0.0924983684494194  0.000401009874060776
6.2734375  0 -0.0932931098158818  0.000393731492401628
6.28125  0 -0.0940732850196611  0.000386443711377638
6.2890625  0 -0.0948388761421626  0.000379147411123881
6.296875  0 -0.0955898670216948  0.00037184346840835
6.3046875  0 -0.0963262432466516  0.000364532756548464
6.3125  0 -0.0970479921485286  0.000357216145328465
6.3203125  0 -0.0977551027947747  0.000349894500917713
6.328125  0 -0.0984475659814823  0.000342568685789857
6.3359375  0 -0.0991253742259151  0.000335239558642897
6.34375  0 -0.0997885217588781  0.000327907974320141
6.3515625  0 -0.10043700451693  0.000320574783732042
6.359375  0 -0.101070820134441  0.000313240833778927
6.3671875  0 -0.101689967935495  0.000305906967274616
6.375  0 -0.10229444892564  0.000298574022870923
6.3828125  0 -0.102884265783494  0.000291242834983052
6.390625  0 -0.103459422852193  0.000283914233715876
6.3984375  0 -0.1040199261307  0.000276589044791109
6.40625  0 -0.104565783264967  0.000269268089475361
6.4140625  0 -0.105097003538951  0.000261952184509084
6.421875  0 -0.105613597865497  0.00025464214203641
6.4296875  0 -0.106115578777069  0.000247338769535865
6.4375  0 -0.106602960416357  0.000240042869751989
6.4453125  0 -0.107075758526737  0.000232755240627824
6.453125  0 -0.107533990442603  0.000225476675238312
6.4609375  0 -0.107977675079566  0.000218207961724559
6.46875  0 -0.108406832924519  0.000210949883229006
6.4765625  0 -0.10882148602558  0.000203703217831475
6.484375  0 -0.109221657981897  0.000196468738486111
6.4921875  0 -0.109607373933343  0.000189247212959209
6.5  0 -0.10997866055007  0.000182039403767931
6.5078125  0 -0.110335546021957  0.000174846068119905
6.515625  0 -0.110678060047931  0.000167667957853723
6.5234375  0 -0.111006233825165  0.000160505819380319
6.53125  0 -0.111320100038171  0.000153360393625235
6.5390625  0 -0.111619692847768  0.000146232415971781
6.546875  0 -0.111905047879945  0.000139122616205078
6.5546875  0 -0.112176202214607  0.000132031718456993
6.5625  0 -0.112433194374216  0.000124960441151956
6.5703125  0 -0.112676064312321  0.000117909496953672
6.578125  0 -0.112904853401988  0.00011087959271272
6.5859375  0 -0.113119604424115  0.000103871429415037
6.59375  0 -0.113320361555662  9.68857021312886e-05
6.6015625  0 -0.11350717035776  8.99230999671374e-05
6.609375  0 -0.113680077763742  8.29843060143887e-05
6.6171875  0 -0.113839132067059  7.60699973030299e-05
6.625  0 -0.113984382909116  6.91808447541575e-05
6.6328125  0 -0.114115881267004  6.23175131337916e-05
6.640625  0 -0.114233679441146  5.54806610075786e-05
6.6484375  0 -0.11433783104285  4.86709406963826e-05
6.65625  0 -0.114428390981779  4.18889982327642e-05
6.6640625  0 -0.11450541545333  3.51354733183484e-05
6.671875  0 -0.11456896192593  2.84109992820802e-05
6.6796875  0 -0.114619089128252  2.17162030393681e-05
6.6875  0 -0.114655857036343  1.50517050521159e-05
6.6953125  0 -0.114679326860685  8.41811928964376e-06
6.703125  0 -0.114689561033165  1.81605319049538e-06
6.7109375  0 -0.114686623193981  4.75389237486468e-06
6.71875  0 -0.114670578178465  1.12911231404667e-05
6.7265625  0 -0.114641492003845  1.77950514803626e-05
6.734375  0 -0.114599431855921  2.42650964432656e-05
6.7421875  0 -0.114544466075691  3.07006837863e-05
6.75  0 -0.114476664145897  3.71012460078646e-05
6.7578125  0 -0.11439609667751  4.34662223796067e-05
6.765625  0 -0.114302835396153  4.97950589775087e-05
6.7734375  0 -0.114196953128463  5.60872087120856e-05
6.78125  0 -0.114078523788393  6.23421313576955e-05
6.7890625  0 -0.113947622363455  6.85592935809609e-05
6.796875  0 -0.113804324900905  7.47381689683024e-05
6.8046875  0 -0.113648708493884  8.08782380525841e-05
6.8125  0 -0.113480851267493  8.69789883388705e-05
6.8203125  0 -0.113300832364825  9.30399143292959e-05
6.828125  0 -0.113108731932948  9.90605175470449e-05
6.8359375  0 -0.112904631108842  0.000105040306559445
6.84375  0 -0.112688612005282  0.000110978797000172
6.8515625  0 -0.112460757696692  0.000116875511590564
6.859375  0 -0.112221152204941  0.000122729980160052
6.8671875  0 -0.111969880485115  0.0001285417396657
6.875  0 -0.111707028411239  0.000134310334210852
6.8828125  0 -0.111432682761965  0.000140035315062903
6.890625  0 -0.111146931206232  0.000145716240670168
6.8984375  0 -0.110849862288884  0.000151352676677874
6.90625  0 -0.110541565416263  0.000156944195943254
6.9140625  0 -0.11022213084177  0.000162490378549762
6.921875  0 -0.1098916496514  0.000167990811820395
6.9296875  0 -0.109550213749249  0.000173445090330127
6.9375  0 -0.109197915843001  0.000178852815917452
6.9453125  0 -0.108834849429389  0.000184213597695049
6.953125  0 -0.108461108779634  0.000189527052059546
6.9609375  0 -0.108076788924874  0.000194792802700405
6.96875  0 -0.107681985641566  0.000200010480607915
6.9765625  0 -0.107276795436878  0.000205179724080296
6.984375  0 -0.106861315534068  0.000210300178729916
6.9921875  0 -0.106435643857849  0.000215371497488626
7  0 -0.105999879019748  0.000220393340612191
7.0078125  0 -0.105554120303452  0.00022536537568385
7.015625  0 -0.105098467650151  0.000230287277616981
7.0234375  0 -0.104633021643878  0.00023515872865687
7.03125  0 -0.104157883496839  0.000239979418381608
7.0390625  0 -0.103673155034755  0.000244749043702086
7.046875  0 -0.103178938682192  0.000249467308861107
7.0546875  0 -0.102675337447899  0.00025413392543161
7.0625  0 -0.102162454910154  0.000258748612314064
7.0703125  0 -0.101640395202107  0.000263311095732882
7.078125  0 -0.101109262997142  0.000267821109232125
7.0859375  0 -0.100569163494239  0.000272278393670236
7.09375  0 -0.100020202403355  0.000276682697213981
7.1015625  0 -0.0994624859308097  0.000281033775331535
7.109375  0 -0.0988961207646935  0.000285331390784738
7.1171875  0 -0.0983212140602882  0.000289575313620519
7.125  0 -0.0977378734255061  0.000293765321161543
7.1328125  0 -0.0971462069063486  0.000297901197995942
7.140625  0 -0.0965463229723863  0.000301982735966377
7.1484375  0 -0.0959383305022617  0.000306009734158202
7.15625  0 -0.0953223387692167  0.000309981998886877
7.1640625  0 -0.0946984574266452  0.000313899343684587
7.171875  0 -0.0940667964936745  0.000317761589286092
7.1796875  0 -0.0934274663407746  0.000321568563613789
7.1875  0 -0.0927805776753988  0.000325320101762061
7.1953125  0 -0.092126241527656  0.000329016045980762
7.203125  0 -0.0914645692360171  0.000332656245658092
7.2109375  0 -0.0907956724330564  0.000336240557302622
7.21875  0 -0.0901196630312291  0.000339768844524635
7.2265625  0 -0.0894366532086878  0.000343240978016718
7.234375  0 -0.0887467553951374  0.000346656835533643
7.2421875  0 -0.0880500822577322  0.000350016301871522
7.25  0 -0.0873467466870144  0.000353319268846297
7.2578125  0 -0.0866368617828967  0.000356565635271422
7.265625  0 -0.0859205408406903  0.000359755306934995
7.2734375  0 -0.0851978973371792  0.000362888196576094
7.28125  0 -0.0844690449167426  0.000365964223860482
7.2890625  0 -0.0837340973775265  0.00036898331535562
7.296875  0 -0.0829931686576659  0.000371945404505025
7.3046875  0 -0.0822463728215589  0.000374850431601959
7.3125  0 -0.0814938240461944  0.0003776983437625
7.3203125  0 -0.080735636607534  0.000380489094897879
7.328125  0 -0.0799719248669499  0.000383222645686299
7.3359375  0 -0.0792028032577195  0.000385898963544032
7.34375  0 -0.0784283862715796  0.000388518022595929
7.3515625  0 -0.0776487884453383  0.000391079803645306
7.359375  0 -0.0768641243475498  0.000393584294143212
7.3671875  0 -0.0760745085652495  0.000396031488157103
7.375  0 -0.0752800556907534  0.000398421386338943
7.3828125  0 -0.0744808803085219  0.000400753995892622
7.390625  0 -0.0736770969820883  0.000403029330540927
7.3984375  0 -0.0728688202410556  0.000405247410491832
7.40625  0 -0.0720561645681595  0.000407408262404263
7.4140625  0 -0.0712392443864019  0.000409511919353289
7.421875  0 -0.0704181740462539  0.000411558420794766
7.4296875  0 -0.0695930678129297  0.000413547812529419
7.4375  0 -0.0687640398537338  0.000415480146666425
7.4453125  0 -0.067931204225481  0.000417355481586362
7.453125  0 -0.0670946748619909  0.000419173881903767
7.4609375  0 -0.0662545655616581  0.000420935418429066
7.46875  0 -0.065410989975099  0.00042264016813004
7.4765625  0 -0.0645640615928762  0.000424288214092766
7.484375  0 -0.0637138937333013  0.000425879645482075
7.4921875  0 -0.0628605995303177  0.00042741455750149
7.5  0 -0.0620042919214635  0.000428893051352741
7.5078125  0 -0.0611450836359161  0.000430315234194678
7.515625  0 -0.0602830871826195  0.000431681219101865
7.5234375  0 -0.0594184148384951  0.000432991125022597
7.53125  0 -0.058551178636736  0.000434245076736506
7.5390625  0 -0.0576814903551878  0.000435443204811703
7.546875  0 -0.0568094615048146  0.000436585645561482
7.5546875  0 -0.0559352033182525  0.000437672541000585
7.5625  0 -0.0550588267384509  0.00043870403880103
7.5703125  0 -0.0541804424074023  0.00043968029224753
7.578125  0 -0.0533001606549623  0.00044060146019248
7.5859375  0 -0.0524180914877593  0.000441467707010548
7.59375  0 -0.0515343445781959  0.000442279202552853
7.6015625  0 -0.0506490292535423  0.000443036122100754
7.609375  0 -0.0497622544851223  0.000443738646319247
7.6171875  0 -0.0488741288775931  0.000444386961209985
7.625  0 -0.0479847606583192  0.000444981258063915
7.6328125  0 -0.0470942576668417  0.000445521733413556
7.640625  0 -0.0462027273444432  0.000446008588984914
7.6484375  0 -0.0453102767238093  0.000446442031649036
7.65625  0 -0.044417012418787  0.000446822273373226
7.6640625  0 -0.0435230406142419  0.00044714953117192
7.671875  0 -0.0426284670560127  0.000447424027057219
7.6796875  0 -0.0417333970409664  0.000447645987989111
7.6875  0 -0.0408379354071519  0.000447815645825356
7.6953125  0 -0.0399421865240555  0.000447933237271075
7.703125  0 -0.0390462542829564  0.000447999003828026
7.7109375  0 -0.0381502420873848  0.000448013191743576
7.71875  0 -0.0372542528436818  0.000447976051959398
7.7265625  0 -0.0363583889516626  0.000447887840059863
7.734375  0 -0.0354627522953825  0.000447748816220173
7.7421875  0 -0.0345674442340081  0.00044755924515421
7.75  0 -0.0336725655927918  0.000447319396062129
7.7578125  0 -0.032778216654152  0.000447029542577693
7.765625  0 -0.0318844971488589  0.000446689962715352
7.7734375  0 -0.0309915062473265  0.00044630093881709
7.78125  0 -0.0300993425510104  0.000445862757499027
7.7890625  0 -0.0292081040839136  0.000445375709597795
7.796875  0 -0.0283178882841991  0.000444840090116694
7.8046875  0 -0.0274287919959107  0.000444256198171629
7.8125  0 -0.0265409114608023  0.000443624336936843
7.8203125  0 -0.025654342310275  0.000442944813590446
7.828125  0 -0.0247691795574248  0.000442217939259748
7.8359375  0 -0.0238855175891986  0.000441444028966412
7.84375  0 -0.0230034501586608  0.000440623401571416
7.8515625  0 -0.0221230703773695  0.000439756379719852
7.859375  0 -0.0212444707078641  0.000438843289785551
7.8671875  0 -0.020367742956263  0.000437884461815551
7.875  0 -0.0194929782649731  0.000436880229474412
7.8828125  0 -0.0186202671055103  0.00043583092998839
7.890625  0 -0.0177496992714324  0.000434736904089461
7.8984375  0 -0.0168813638713837  0.000433598495959225
7.90625  0 -0.0160153493222518  0.00043241605317268
7.9140625  0 -0.0151517433424373  0.000431189926641873
7.921875  0 -0.0142906329452359  0.000429920470559453
7.9296875  0 -0.0134321044323344  0.000428608042342106
7.9375  0 -0.0125762433874184  0.000427253002573902
7.9453125  0 -0.0117231346698949  0.000425855714949547
7.953125  0 -0.0108728624087278  0.000424416546217554
7.9609375  0 -0.0100255099963869  0.000422935866123339
7.96875  0 -0.00918116008291135  0.000421414047352242
7.9765625  0 -0.00833989457008662  0.000419851465472493
7.984375  0 -0.00750179460573601  0.000418248498878115
7.9921875  0 -0.00666694057812611  0.000416605528731788
8  0 -0.00583541211048666  0.000414922938907658
8.0078125  0 -0.00500728805564488  0.000413201115934125
8.015625  0 -0.00418264649077416  0.000411440448936595
8.0234375  0 -0.00336156471225735  0.000409641329580213
8.03125  0 -0.00254411923066455  0.000407804152012581
8.0390625  0 -0.0017303857658455  0.000405929312806474
8.046875  0 -0.000920439242136473  0.000404017210902552
8.0546875  0 -0.000114353783681846  0.000402068247552075
8.0625  0 0.000687797290129868  0.00040008282625964
8.0703125  0 0.00148594146911544  0.000398061352725937
8.078125  0 0.0022800070566319  0.000396004234790524
8.0859375  0 0.00306992317379707  0.000393911882374648
8.09375  0 0.00385561976359582  0.0003917847074241
8.1015625  0 0.00463702759487203  0.000389623123852116
8.109375  0 0.00541407826620649  0.000387427547482338
8.1171875  0 0.00618670420968065  0.000385198395991833
8.125  0 0.00695483869452665  0.000382936088854174
8.1328125  0 0.00771841583066342  0.0003806410472826
8.140625  0 0.00847737057211927  0.000378313694173257
8.1484375  0 0.00923163872034104  0.000375954454048521
8.15625  0 0.00998115692738996  0.000373563753000411
8.1640625  0 0.0107258626990245  0.000371142018634108
8.171875  0 0.0114656943976701  0.000368689680011573
8.1796875  0 0.012200591245277  0.000366207167595277
8.1875  0 0.0129304933260643  0.000363694913192044
8.1953125  0 0.0136553415891533  0.000361153349897029
8.203125  0 0.0143750778510881  0.000358582912037804
8.2109375  0 0.0150896447982445  0.000355984035118603
8.21875  0 0.0157989859891278  0.000353357155764678
8.2265625  0 0.0165030458565592  0.000350702711666831
8.234375  0 0.0172017697097521  0.000348021141526076
8.2421875  0 0.0178951037362766  0.000345312884998471
8.25  0 0.0185829950039152  0.000342578382640103
8.2578125  0 0.0192653914624075  0.000339818075852243
8.265625  0 0.0199422419450863  0.000337032406826684
8.2734375  0 0.0206134961704042  0.000334221818491257
8.28125  0 0.021279104743351  0.000331386754455508
8.2890625  0 0.021939019156763  0.0003285276589566
8.296875  0 0.0225931917925249  0.000325644976805387
8.3046875  0 0.0232415759226629  0.000322739153332693
8.3125  0 0.0238841257103314  0.000319810634335803
8.3203125  0 0.0245207962106923  0.000316859866025161
8.328125  0 0.0251515433716886  0.000313887294971272
8.3359375  0 0.0257763240347117  0.000310893368051849
8.34375  0 0.0263950959351626  0.000307878532399164
8.3515625  0 0.0270078177029093  0.000304843235347636
8.359375  0 0.0276144488626385  0.000301787924381659
8.3671875  0 0.0282149498341038  0.000298713047083666
8.375  0 0.0288092819322698  0.000295619051082441
8.3828125  0 0.0293974073673538  0.000292506384001669
8.390625  0 0.0299792892447641  0.00028937549340876
8.3984375  0 0.0305548915649367  0.000286226826763911
8.40625  0 0.0311241792230699  0.000283060831369447
8.4140625  0 0.0316871180087587  0.000279877954319413
8.421875  0 0.0322436746055274  0.000276678642449471
8.4296875  0 0.0327938165902638  0.000273463342287013
8.4375  0 0.0333375124325523  0.000270232500001633
8.4453125  0 0.0338747314939096  0.000266986561355806
8.453125  0 0.0344054440269212  0.000263725971655915
8.4609375  0 0.0349296211742805  0.000260451175703544
8.46875  0 0.0354472349677309  0.000257162617747074
8.4765625  0 0.0359582583269114  0.000253860741433562
8.484375  0 0.0364626650581057  0.000250545989760965
8.4921875  0 0.0369604298528972  0.00024721880503064
8.5  0 0.0374515282867278  0.00024387962880016
8.5078125  0 0.0379359368173642  0.00024052890183647
8.515625  0 0.0384136327832698  0.00023716706406933
8.5234375  0 0.038884594401884  0.0002337945545451
8.53125  0 0.0393488007678098  0.000230411811380865
8.5390625  0 0.0398062318509093  0.000227019271718865
8.546875  0 0.0402568684943092  0.000223617371681271
8.5546875  0 0.0407006924123155  0.000220206546325326
8.5625  0 0.0411376861882394  0.000216787229598767
8.5703125  0 0.0415678332721335  0.000213359854295637
8.578125  0 0.0419911179784414  0.000209924852012454
8.5859375  0 0.0424075254835582  0.000206482653104703
8.59375  0 0.0428170418233064  0.000203033686643692
8.6015625  0 0.0432196538903235  0.000199578380373745
8.609375  0 0.0436153494313668  0.000196117160669841
8.6171875  0 0.0440041170445318  0.000192650452495474
8.625  0 0.044385946176388  0.000189178679361024
8.6328125  0 0.0447608271190311  0.000185702263282406
8.640625  0 0.0451287510070534  0.00018222162474011
8.6484375  0 0.0454897098144318  0.000178737182638673
8.65625  0 0.0458436963513366  0.000175249354266417
8.6640625  0 0.0461907042608583  0.00017175855525569
8.671875  0 0.0465307280156571  0.000168265199543417
8.6796875  0 0.0468637629145322  0.000164769699332032
8.6875  0 0.0471898050789148  0.00016127246505087
8.6953125  0 0.0475088514492831  0.000157773905317869
8.703125  0 0.0478208997815023  0.00015427442690169
8.7109375  0 0.0481259486430879  0.000150774434684288
8.71875  0 0.0484239974093956  0.000147274331623794
8.7265625  0 0.0487150462597369  0.000143774518717867
8.734375  0 0.0489990961734217  0.000140275394967401
8.7421875  0 0.0492761489257294  0.000136777357340682
8.75  0 0.0495462070838076  0.00013328080073792
8.7578125  0 0.0498092740025013  0.000129786117956186
8.765625  0 0.0500653538201119  0.000126293699654799
8.7734375  0 0.0503144514540873  0.00012280393432109
8.78125  0 0.0505565725966445  0.000119317208236588
8.7890625  0 0.0507917237103243  0.000115833905443632
8.796875  0 0.0510199120234799  0.000112354407712401
8.8046875  0 0.0512411455257002  0.000108879094508366
8.8125  0 0.0514554329631682  0.000105408342960155
8.8203125  0 0.0516627838339558  0.000101942527827838
8.828125  0 0.0518632083832548  9.84820214716686e-05
8.8359375  0 0.0520567175985472  9.50271938212066e-05
8.84375  0 0.0522433232047128  9.15784123449101e-05
8.8515625  0 0.0524230376590773  8.8136042020133e-05
8.859375  0 0.0525958741464005  8.47004453035788e-05
8.8671875  0 0.0527618465738057  8.12719821021296e-05
8.875  0 0.0529209695656515  7.78510097442023e-05
8.8828125  0 0.0530732584583466  7.44378829514308e-05
8.890625  0 0.0532187292951084  7.10329538109039e-05
8.8984375  0 0.0533573988206665  6.76365717477076e-05
8.90625  0 0.0534892844759117  6.42490834980303e-05
8.9140625  0 0.0536144043924918  6.08708330826213e-05
8.921875  0 0.0537327773873546  5.75021617807356e-05
8.9296875  0 0.0538444229572392  5.41434081044942e-05
8.9375  0 0.0539493612731168  5.07949077736963e-05
8.9453125  0 0.054047613174581  4.7456993691096e-05
8.953125  0 0.0541392001641896  4.41299959180533e-05
8.9609375  0 0.0542241444017578  4.08142416507343e-05
8.96875  0 0.0543024686986045  3.75100551966503e-05
8.9765625  0 0.0543741965117523  3.42177579517114e-05
8.984375  0 0.0544393519380811  3.09376683777091e-05
8.9921875  0 0.0544979597084384  2.76701019802303e-05
9  0 0.054550045181705  2.44153712870149e-05
9.0078125  0 0.0545956343388182  2.11737858268057e-05
9.015625  0 0.0546347537767529  1.79456521085739e-05
9.0234375  0 0.0546674307024621  1.47312736012567e-05
9.03125  0 0.0546936929267766  1.1530950713913e-05
9.0390625  0 0.0547135688582662  8.34498077632168e-06
9.046875  0 0.0547270874970618  5.17365802002456e-06
9.0546875  0 0.054734278428641  2.01727355984838e-06
9.0625  0 0.054735171817576  1.12388462483737e-06
9.0703125  0 0.0547297984012469  4.24953170499731e-06
9.078125  0 0.0547181894835194  7.35938602317715e-06
9.0859375  0 0.0547003769283895  1.04531691074786e-05
9.09375  0 0.0546763931535942  1.35306056885318e-05
9.1015625  0 0.0546462711241911  1.65914237152884e-05
9.109375  0 0.0546100443461062  1.96353543703842e-05
9.1171875  0 0.0545677468596515  2.26621320850995e-05
9.125  0 0.0545194132330133  2.56714945537848e-05
9.1328125  0 0.0544650785557123  2.86631827479608e-05
9.140625  0 0.0544047784320353  3.16369409298634e-05
9.1484375  0 0.0543385489744406  3.45925166655922e-05
9.15625  0 0.0542664267969379  3.75296608378511e-05
9.1640625  0 0.0541884490084427  4.04481276581672e-05
9.171875  0 0.0541046532061066  4.33476746787495e-05
9.1796875  0 0.0540150774686248  4.62280628038478e-05
9.1875  0 0.053919760349521  4.90890563006885e-05
9.1953125  0 0.0538187408704112  5.19304228100009e-05
9.203125  0 0.0537120585142459  5.47519333560786e-05
9.2109375  0 0.0535997532185343  5.75533623563759e-05
9.21875  0 0.053481865368548  6.03344876307435e-05
9.2265625  0 0.0533584357905079  6.30950904101577e-05
9.234375  0 0.0532295057447536  6.58349553450607e-05
9.2421875  0 0.0530951169188961  6.85538705132369e-05
9.25  0 0.0529553114209565  7.1251627427292e-05
9.2578125  0 0.0528101317724884  7.39280210416693e-05
9.265625  0 0.0526596209016883  7.65828497592685e-05
9.2734375  0 0.0525038221364924  7.92159154376013e-05
9.28125  0 0.0523427791976611  8.18270233945706e-05
9.2890625  0 0.0521765361918536  8.44159824137519e-05
9.296875  0 0.0520051376046914  8.69826047493541e-05
9.3046875  0 0.0518286282938123  8.95267061306534e-05
9.3125  0 0.0516470534819165  9.20481057660669e-05
9.3203125  0 0.0514604587498046  9.45466263468156e-05
9.328125  0 0.0512688900294085  9.70220940501448e-05
9.3359375  0 0.0510723935968172  9.94743385421132e-05
9.34375  0 0.050871016065296  0.000101903192980021
9.3515625  0 0.0506648043783026  0.000104308494014389
9.359375  0 0.0504538058024986  0.000106690081790546
9.3671875  0 0.0502380679207592  0.000109047799949781
9.375  0 0.0500176386251803  0.000111381495630128
9.3828125  0 0.0497925661100844  0.000113691019466712
9.390625  0 0.049562898865027  0.00011597622559173
9.3984375  0 0.0493286856678023  0.000118236971633989
9.40625  0 0.0490899755774512  0.000120473118718087
9.4140625  0 0.048846817927271  0.000122684531463163
9.421875  0 0.0485992623178275  0.000124871077981287
9.4296875  0 0.0483473586099718  0.000127032629875429
9.4375  0 0.0480911569178604  0.000129169062237047
9.4453125  0 0.0478307076019811  0.000131280253643312
9.453125  0 0.0475660612621849  0.000133366086153906
9.4609375  0 0.0472972687307246  0.000135426445307472
9.46875  0 0.0470243810653005  0.000137461220117666
9.4765625  0 0.0467474495421151  0.000139470303068816
9.484375  0 0.0464665256489361  0.000141453590111265
9.4921875  0 0.0461816610781697  0.000143410980656275
9.5  0 0.0458929077199439  0.000145342377570579
9.5078125  0 0.0456003176552039  0.000147247687170587
9.515625  0 0.0453039431488182  0.000149126819216187
9.5234375  0 0.0450038366426989  0.000150979686904237
9.53125  0 0.0447000507489342  0.000152806206861623
9.5390625  0 0.0443926382429357  0.000154606299138042
9.546875  0 0.0440816520566005  0.000156379887198348
9.5546875  0 0.0437671452714887  0.000158126897914605
9.5625  0 0.0434491711120174  0.00015984726155778
9.5703125  0 0.0431277829386718  0.000161540911789021
9.578125  0 0.0428030342412333  0.00016320778565071
9.5859375  0 0.0424749786320267  0.000164847823557059
9.59375  0 0.0421436698391864  0.000166460969284445
9.6015625  0 0.0418091616999418  0.000168047169961355
9.609375  0 0.0414715081539237  0.000169606376058028
9.6171875  0 0.0411307632364911  0.000171138541375758
9.625  0 0.0407869810720807  0.000172643623035887
9.6328125  0 0.0404402158675777  0.000174121581468401
9.640625  0 0.0400905219057103  0.000175572380400293
9.6484375  0 0.0397379535384677  0.000176995986843578
9.65625  0 0.0393825651805424  0.000178392371082949
9.6640625  0 0.0390244113027976  0.000179761506663163
9.671875  0 0.0386635464257596  0.0001811033703761
9.6796875  0 0.0383000251131373  0.000182417942247534
9.6875  0 0.0379339019653675  0.00018370520552357
9.6953125  0 0.0375652316131885  0.000184965146656779
9.703125  0 0.037194068711241  0.000186197755292085
9.7109375  0 0.036820467931698  0.000187403024252256
9.71875  0 0.0364444839579239  0.000188580949523225
9.7265625  0 0.036066171478163  0.000189731530239046
9.734375  0 0.0356855851792588  0.00019085476866653
9.7421875  0 0.0353027797404039  0.000191950670189719
9.75  0 0.0349178098269217  0.000193019243293943
9.7578125  0 0.0345307300840794  0.000194060499549717
9.765625  0 0.0341415951309349  0.000195074453596247
9.7734375  0 0.0337504595542152  0.000196061123124806
9.78125  0 0.0333573779022302  0.00019702052886169
9.7890625  0 0.0329624046788189  0.000197952694551043
9.796875  0 0.032565594337332  0.000198857646937327
9.8046875  0 0.0321670012746486  0.000199735415747582
9.8125  0 0.031766679825229  0.000200586033673435
9.8203125  0 0.0313646842552043  0.000201409536352809
9.828125  0 0.0309610687565015  0.00020220596235147
9.8359375  0 0.0305558874410073  0.000202975353144216
9.84375  0 0.0301491943347687  0.000203717753095946
9.8515625  0 0.0297410433722318  0.000204433209442394
9.859375  0 0.0293314883905203  0.000205121772270677
9.8671875  0 0.0289205831237515  0.000205783494499612
9.875  0 0.0285083811973937  0.000206418431859787
9.8828125  0 0.028094936122662  0.000207026642873417
9.890625  0 0.0276803012909562  0.000207608188833974
9.8984375  0 0.0272645299683382  0.000208163133785622
9.90625  0 0.0268476752900517  0.000208691544502405
9.9140625  0 0.0264297902550836  0.000209193490467236
9.921875  0 0.0260109277207673  0.000209669043850693
9.9296875  0 0.0255911403974286  0.000210118279489607
9.9375  0 0.0251704808430752  0.000210541274865427
9.9453125  0 0.0247490014581289  0.000210938110082409
9.953125  0 0.0243267544802025  0.000211308867845622
9.9609375  0 0.0239037919789198  0.000211653633438735
9.96875  0 0.0234801658507811  0.000211972494701632
9.9765625  0 0.0230559278140732  0.000212265542007858
9.984375  0 0.0226311294038252  0.000212532868241858
9.9921875  0 0.0222058219668089  0.00021277456877606
10  0 0.0219930473980337  8.32667268468867e-16
